Beta_0: 0.0 
PARAMS(grp,D,Nt,Nx,beta0,beta1,beta2,seed): ./groups/myBO 4 4 4 0.000000e+00 0.000000e+00 0.000000e+00 542733
read the group
id: 0
check stuff: (a*b)*c: 21 a*(b*c): 21
min_retr: -2.000000e+00 nn_retr: -1.414214e+00 
small group size: 6
Initializing nearest neighbours [4:4]... 
   0:    3    1   12    4   48   16  192   64 
   1:    0    2   13    5   49   17  193   65 
   2:    1    3   14    6   50   18  194   66 
   3:    2    0   15    7   51   19  195   67 
   4:    7    5    0    8   52   20  196   68 
   5:    4    6    1    9   53   21  197   69 
   6:    5    7    2   10   54   22  198   70 
   7:    6    4    3   11   55   23  199   71 
   8:   11    9    4   12   56   24  200   72 
   9:    8   10    5   13   57   25  201   73 
  10:    9   11    6   14   58   26  202   74 
  11:   10    8    7   15   59   27  203   75 
  12:   15   13    8    0   60   28  204   76 
  13:   12   14    9    1   61   29  205   77 
  14:   13   15   10    2   62   30  206   78 
  15:   14   12   11    3   63   31  207   79 
  16:   19   17   28   20    0   32  208   80 
  17:   16   18   29   21    1   33  209   81 
  18:   17   19   30   22    2   34  210   82 
  19:   18   16   31   23    3   35  211   83 
  20:   23   21   16   24    4   36  212   84 
  21:   20   22   17   25    5   37  213   85 
  22:   21   23   18   26    6   38  214   86 
  23:   22   20   19   27    7   39  215   87 
  24:   27   25   20   28    8   40  216   88 
  25:   24   26   21   29    9   41  217   89 
  26:   25   27   22   30   10   42  218   90 
  27:   26   24   23   31   11   43  219   91 
  28:   31   29   24   16   12   44  220   92 
  29:   28   30   25   17   13   45  221   93 
  30:   29   31   26   18   14   46  222   94 
  31:   30   28   27   19   15   47  223   95 
  32:   35   33   44   36   16   48  224   96 
  33:   32   34   45   37   17   49  225   97 
  34:   33   35   46   38   18   50  226   98 
  35:   34   32   47   39   19   51  227   99 
  36:   39   37   32   40   20   52  228  100 
  37:   36   38   33   41   21   53  229  101 
  38:   37   39   34   42   22   54  230  102 
  39:   38   36   35   43   23   55  231  103 
  40:   43   41   36   44   24   56  232  104 
  41:   40   42   37   45   25   57  233  105 
  42:   41   43   38   46   26   58  234  106 
  43:   42   40   39   47   27   59  235  107 
  44:   47   45   40   32   28   60  236  108 
  45:   44   46   41   33   29   61  237  109 
  46:   45   47   42   34   30   62  238  110 
  47:   46   44   43   35   31   63  239  111 
  48:   51   49   60   52   32    0  240  112 
  49:   48   50   61   53   33    1  241  113 
  50:   49   51   62   54   34    2  242  114 
  51:   50   48   63   55   35    3  243  115 
  52:   55   53   48   56   36    4  244  116 
  53:   52   54   49   57   37    5  245  117 
  54:   53   55   50   58   38    6  246  118 
  55:   54   52   51   59   39    7  247  119 
  56:   59   57   52   60   40    8  248  120 
  57:   56   58   53   61   41    9  249  121 
  58:   57   59   54   62   42   10  250  122 
  59:   58   56   55   63   43   11  251  123 
  60:   63   61   56   48   44   12  252  124 
  61:   60   62   57   49   45   13  253  125 
  62:   61   63   58   50   46   14  254  126 
  63:   62   60   59   51   47   15  255  127 
  64:   67   65   76   68  112   80    0  128 
  65:   64   66   77   69  113   81    1  129 
  66:   65   67   78   70  114   82    2  130 
  67:   66   64   79   71  115   83    3  131 
  68:   71   69   64   72  116   84    4  132 
  69:   68   70   65   73  117   85    5  133 
  70:   69   71   66   74  118   86    6  134 
  71:   70   68   67   75  119   87    7  135 
  72:   75   73   68   76  120   88    8  136 
  73:   72   74   69   77  121   89    9  137 
  74:   73   75   70   78  122   90   10  138 
  75:   74   72   71   79  123   91   11  139 
  76:   79   77   72   64  124   92   12  140 
  77:   76   78   73   65  125   93   13  141 
  78:   77   79   74   66  126   94   14  142 
  79:   78   76   75   67  127   95   15  143 
  80:   83   81   92   84   64   96   16  144 
  81:   80   82   93   85   65   97   17  145 
  82:   81   83   94   86   66   98   18  146 
  83:   82   80   95   87   67   99   19  147 
  84:   87   85   80   88   68  100   20  148 
  85:   84   86   81   89   69  101   21  149 
  86:   85   87   82   90   70  102   22  150 
  87:   86   84   83   91   71  103   23  151 
  88:   91   89   84   92   72  104   24  152 
  89:   88   90   85   93   73  105   25  153 
  90:   89   91   86   94   74  106   26  154 
  91:   90   88   87   95   75  107   27  155 
  92:   95   93   88   80   76  108   28  156 
  93:   92   94   89   81   77  109   29  157 
  94:   93   95   90   82   78  110   30  158 
  95:   94   92   91   83   79  111   31  159 
  96:   99   97  108  100   80  112   32  160 
  97:   96   98  109  101   81  113   33  161 
  98:   97   99  110  102   82  114   34  162 
  99:   98   96  111  103   83  115   35  163 
 100:  103  101   96  104   84  116   36  164 
 101:  100  102   97  105   85  117   37  165 
 102:  101  103   98  106   86  118   38  166 
 103:  102  100   99  107   87  119   39  167 
 104:  107  105  100  108   88  120   40  168 
 105:  104  106  101  109   89  121   41  169 
 106:  105  107  102  110   90  122   42  170 
 107:  106  104  103  111   91  123   43  171 
 108:  111  109  104   96   92  124   44  172 
 109:  108  110  105   97   93  125   45  173 
 110:  109  111  106   98   94  126   46  174 
 111:  110  108  107   99   95  127   47  175 
 112:  115  113  124  116   96   64   48  176 
 113:  112  114  125  117   97   65   49  177 
 114:  113  115  126  118   98   66   50  178 
 115:  114  112  127  119   99   67   51  179 
 116:  119  117  112  120  100   68   52  180 
 117:  116  118  113  121  101   69   53  181 
 118:  117  119  114  122  102   70   54  182 
 119:  118  116  115  123  103   71   55  183 
 120:  123  121  116  124  104   72   56  184 
 121:  120  122  117  125  105   73   57  185 
 122:  121  123  118  126  106   74   58  186 
 123:  122  120  119  127  107   75   59  187 
 124:  127  125  120  112  108   76   60  188 
 125:  124  126  121  113  109   77   61  189 
 126:  125  127  122  114  110   78   62  190 
 127:  126  124  123  115  111   79   63  191 
 128:  131  129  140  132  176  144   64  192 
 129:  128  130  141  133  177  145   65  193 
 130:  129  131  142  134  178  146   66  194 
 131:  130  128  143  135  179  147   67  195 
 132:  135  133  128  136  180  148   68  196 
 133:  132  134  129  137  181  149   69  197 
 134:  133  135  130  138  182  150   70  198 
 135:  134  132  131  139  183  151   71  199 
 136:  139  137  132  140  184  152   72  200 
 137:  136  138  133  141  185  153   73  201 
 138:  137  139  134  142  186  154   74  202 
 139:  138  136  135  143  187  155   75  203 
 140:  143  141  136  128  188  156   76  204 
 141:  140  142  137  129  189  157   77  205 
 142:  141  143  138  130  190  158   78  206 
 143:  142  140  139  131  191  159   79  207 
 144:  147  145  156  148  128  160   80  208 
 145:  144  146  157  149  129  161   81  209 
 146:  145  147  158  150  130  162   82  210 
 147:  146  144  159  151  131  163   83  211 
 148:  151  149  144  152  132  164   84  212 
 149:  148  150  145  153  133  165   85  213 
 150:  149  151  146  154  134  166   86  214 
 151:  150  148  147  155  135  167   87  215 
 152:  155  153  148  156  136  168   88  216 
 153:  152  154  149  157  137  169   89  217 
 154:  153  155  150  158  138  170   90  218 
 155:  154  152  151  159  139  171   91  219 
 156:  159  157  152  144  140  172   92  220 
 157:  156  158  153  145  141  173   93  221 
 158:  157  159  154  146  142  174   94  222 
 159:  158  156  155  147  143  175   95  223 
 160:  163  161  172  164  144  176   96  224 
 161:  160  162  173  165  145  177   97  225 
 162:  161  163  174  166  146  178   98  226 
 163:  162  160  175  167  147  179   99  227 
 164:  167  165  160  168  148  180  100  228 
 165:  164  166  161  169  149  181  101  229 
 166:  165  167  162  170  150  182  102  230 
 167:  166  164  163  171  151  183  103  231 
 168:  171  169  164  172  152  184  104  232 
 169:  168  170  165  173  153  185  105  233 
 170:  169  171  166  174  154  186  106  234 
 171:  170  168  167  175  155  187  107  235 
 172:  175  173  168  160  156  188  108  236 
 173:  172  174  169  161  157  189  109  237 
 174:  173  175  170  162  158  190  110  238 
 175:  174  172  171  163  159  191  111  239 
 176:  179  177  188  180  160  128  112  240 
 177:  176  178  189  181  161  129  113  241 
 178:  177  179  190  182  162  130  114  242 
 179:  178  176  191  183  163  131  115  243 
 180:  183  181  176  184  164  132  116  244 
 181:  180  182  177  185  165  133  117  245 
 182:  181  183  178  186  166  134  118  246 
 183:  182  180  179  187  167  135  119  247 
 184:  187  185  180  188  168  136  120  248 
 185:  184  186  181  189  169  137  121  249 
 186:  185  187  182  190  170  138  122  250 
 187:  186  184  183  191  171  139  123  251 
 188:  191  189  184  176  172  140  124  252 
 189:  188  190  185  177  173  141  125  253 
 190:  189  191  186  178  174  142  126  254 
 191:  190  188  187  179  175  143  127  255 
 192:  195  193  204  196  240  208  128    0 
 193:  192  194  205  197  241  209  129    1 
 194:  193  195  206  198  242  210  130    2 
 195:  194  192  207  199  243  211  131    3 
 196:  199  197  192  200  244  212  132    4 
 197:  196  198  193  201  245  213  133    5 
 198:  197  199  194  202  246  214  134    6 
 199:  198  196  195  203  247  215  135    7 
 200:  203  201  196  204  248  216  136    8 
 201:  200  202  197  205  249  217  137    9 
 202:  201  203  198  206  250  218  138   10 
 203:  202  200  199  207  251  219  139   11 
 204:  207  205  200  192  252  220  140   12 
 205:  204  206  201  193  253  221  141   13 
 206:  205  207  202  194  254  222  142   14 
 207:  206  204  203  195  255  223  143   15 
 208:  211  209  220  212  192  224  144   16 
 209:  208  210  221  213  193  225  145   17 
 210:  209  211  222  214  194  226  146   18 
 211:  210  208  223  215  195  227  147   19 
 212:  215  213  208  216  196  228  148   20 
 213:  212  214  209  217  197  229  149   21 
 214:  213  215  210  218  198  230  150   22 
 215:  214  212  211  219  199  231  151   23 
 216:  219  217  212  220  200  232  152   24 
 217:  216  218  213  221  201  233  153   25 
 218:  217  219  214  222  202  234  154   26 
 219:  218  216  215  223  203  235  155   27 
 220:  223  221  216  208  204  236  156   28 
 221:  220  222  217  209  205  237  157   29 
 222:  221  223  218  210  206  238  158   30 
 223:  222  220  219  211  207  239  159   31 
 224:  227  225  236  228  208  240  160   32 
 225:  224  226  237  229  209  241  161   33 
 226:  225  227  238  230  210  242  162   34 
 227:  226  224  239  231  211  243  163   35 
 228:  231  229  224  232  212  244  164   36 
 229:  228  230  225  233  213  245  165   37 
 230:  229  231  226  234  214  246  166   38 
 231:  230  228  227  235  215  247  167   39 
 232:  235  233  228  236  216  248  168   40 
 233:  232  234  229  237  217  249  169   41 
 234:  233  235  230  238  218  250  170   42 
 235:  234  232  231  239  219  251  171   43 
 236:  239  237  232  224  220  252  172   44 
 237:  236  238  233  225  221  253  173   45 
 238:  237  239  234  226  222  254  174   46 
 239:  238  236  235  227  223  255  175   47 
 240:  243  241  252  244  224  192  176   48 
 241:  240  242  253  245  225  193  177   49 
 242:  241  243  254  246  226  194  178   50 
 243:  242  240  255  247  227  195  179   51 
 244:  247  245  240  248  228  196  180   52 
 245:  244  246  241  249  229  197  181   53 
 246:  245  247  242  250  230  198  182   54 
 247:  246  244  243  251  231  199  183   55 
 248:  251  249  244  252  232  200  184   56 
 249:  248  250  245  253  233  201  185   57 
 250:  249  251  246  254  234  202  186   58 
 251:  250  248  247  255  235  203  187   59 
 252:  255  253  248  240  236  204  188   60 
 253:  252  254  249  241  237  205  189   61 
 254:  253  255  250  242  238  206  190   62 
 255:  254  252  251  243  239  207  191   63 
init done
thermo done
TM_BEGIN: update                                   ...
TM_END:   update                                   ... done in 9.257e-02 sec.
TM_BEGIN: meas                                     ...
GMES: 9.990000e+02 -1.120558e-01 0.000000e+00 2.746339e-02 -2.334496e-03 3.378873e-02 2.000516e-02 -1.288203e-02 -7.951304e-03 2.429278e-02 8.621511e-03 -2.126097e-02 -3.617415e-03 5.570540e-03 1.349474e-02 -3.172391e-02 -1.630314e-02 -3.489452e-02 1.019326e-02 -2.604167e-01
ACC: 1.000000
TM_END:   meas                                     ... done in 3.510e-04 sec.
TM_BEGIN: update                                   ...
TM_END:   update                                   ... done in 9.502e-02 sec.
TM_BEGIN: meas                                     ...
GMES: 9.990000e+02 -1.573604e-01 0.000000e+00 3.998786e-03 -8.621511e-03 6.109880e-03 -1.340220e-02 -3.559183e-02 -4.867809e-02 -3.078403e-02 -2.144605e-02 -3.471738e-02 2.485922e-02 -1.567127e-02 -5.283485e-02 -4.100440e-02 5.201757e-04 1.901107e-02 1.722386e-02 -3.196615e-01
ACC: 1.000000
TM_END:   meas                                     ... done in 2.520e-04 sec.
TM_BEGIN: update                                   ...
TM_END:   update                                   ... done in 7.989e-02 sec.
TM_BEGIN: meas                                     ...
GMES: 9.990000e+02 1.093750e-01 0.000000e+00 -8.825748e-03 -2.844953e-02 -4.017951e-03 -2.222795e-03 -5.568158e-02 -2.227422e-02 1.455426e-02 5.505107e-03 5.166363e-02 1.302083e-03 3.301476e-03 9.310882e-03 9.476790e-03 -1.441545e-02 -1.571754e-02 -4.029915e-02 -2.539062e-01
ACC: 1.000000
TM_END:   meas                                     ... done in 3.680e-04 sec.
TM_BEGIN: update                                   ...
TM_END:   update                                   ... done in 7.418e-02 sec.
TM_BEGIN: meas                                     ...
GMES: 9.990000e+02 1.390546e-01 0.000000e+00 -1.416495e-02 1.895358e-02 -4.464755e-03 4.491859e-03 -2.397684e-02 9.226284e-03 -9.002882e-03 -1.911155e-02 2.163112e-02 -2.185452e-02 1.603347e-02 -5.524272e-03 2.696703e-04 1.913071e-02 -6.978110e-02 -2.999418e-02 -2.630208e-01
ACC: 1.000000
TM_END:   meas                                     ... done in 2.470e-04 sec.
TM_BEGIN: update                                   ...
TM_END:   update                                   ... done in 7.562e-02 sec.
TM_BEGIN: meas                                     ...
GMES: 9.990000e+02 1.104854e-01 0.000000e+00 2.216252e-02 2.341834e-02 7.747067e-03 -1.225809e-02 2.399929e-03 1.968922e-02 -1.181129e-02 -2.827240e-02 4.017951e-03 1.108687e-02 9.002882e-03 -6.872623e-03 -6.602953e-03 9.041212e-03 -3.190104e-02 7.635366e-03 -2.591146e-01
ACC: 1.000000
TM_END:   meas                                     ... done in 4.520e-04 sec.
TM_BEGIN: update                                   ...
TM_END:   update                                   ... done in 7.063e-02 sec.
TM_BEGIN: meas                                     ...
GMES: 9.990000e+02 -1.066942e-01 0.000000e+00 -1.321248e-03 2.525976e-02 1.454632e-02 2.119554e-02 -4.562712e-02 -2.353661e-03 1.165332e-02 -1.019326e-02 2.416191e-02 -1.609891e-02 -2.625384e-02 1.302083e-02 -2.362257e-02 -1.770899e-02 -7.030592e-03 -1.860589e-03 -2.356771e-01
ACC: 1.000000
TM_END:   meas                                     ... done in 3.520e-04 sec.
TM_BEGIN: update                                   ...
TM_END:   update                                   ... done in 8.239e-02 sec.
TM_BEGIN: meas                                     ...
GMES: 9.990000e+02 2.419575e-01 0.000000e+00 -1.847967e-02 -1.327134e-02 7.234830e-03 2.020939e-02 1.600637e-02 -1.473139e-02 -5.859375e-03 -1.054753e-02 2.331457e-02 4.091322e-03 1.160705e-02 -4.739076e-04 -2.893002e-03 -2.235882e-02 6.267850e-03 2.920105e-03 -2.604167e-01
ACC: 1.000000
TM_END:   meas                                     ... done in 2.600e-04 sec.
TM_BEGIN: update                                   ...
TM_END:   update                                   ... done in 8.657e-02 sec.
TM_BEGIN: meas                                     ...
GMES: 9.990000e+02 -4.419417e-02 0.000000e+00 1.571754e-03 1.459259e-02 6.602953e-03 -2.018558e-03 4.638193e-02 8.964552e-03 1.771693e-02 8.891181e-03 -3.192814e-02 4.175920e-03 2.608793e-02 -4.091322e-03 2.502842e-02 7.523665e-03 3.174307e-02 2.718578e-02 -2.200521e-01
ACC: 1.000000
TM_END:   meas                                     ... done in 2.760e-04 sec.
TM_BEGIN: update                                   ...
TM_END:   update                                   ... done in 8.263e-02 sec.
TM_BEGIN: meas                                     ...
GMES: 9.990000e+02 -8.191626e-02 0.000000e+00 -3.935927e-02 -2.925061e-02 -1.144114e-03 -5.951911e-03 1.033207e-02 -1.803287e-02 1.805203e-02 4.333889e-03 3.813714e-04 -1.043583e-02 1.582924e-02 9.015471e-04 -1.025870e-02 -3.813714e-04 1.805203e-02 3.799176e-02 -2.089844e-01
ACC: 1.000000
TM_END:   meas                                     ... done in 2.290e-04 sec.
TM_BEGIN: update                                   ...
TM_END:   update                                   ... done in 7.883e-02 sec.
TM_BEGIN: meas                                     ...
GMES: 9.990000e+02 -6.472087e-03 0.000000e+00 2.279440e-02 1.141075e-02 -1.605264e-02 -2.604167e-03 2.520226e-02 5.208333e-03 -4.151664e-02 1.497396e-02 9.940833e-04 -5.999631e-02 -2.135351e-02 -7.253995e-03 4.257615e-02 -4.511024e-03 -2.391141e-02 9.095418e-03 -2.246094e-01
ACC: 1.000000
TM_END:   meas                                     ... done in 2.510e-04 sec.
TM_BEGIN: update                                   ...
TM_END:   update                                   ... done in 7.929e-02 sec.
TM_BEGIN: meas                                     ...
GMES: 9.990000e+02 -1.848192e-01 0.000000e+00 2.431988e-02 2.189285e-02 -7.365696e-03 5.300870e-03 5.655138e-03 1.181129e-02 -1.922325e-02 -1.571754e-02 -4.118153e-02 1.908445e-02 1.861054e-02 -3.162672e-03 -2.247846e-02 -4.216768e-02 -1.015493e-02 -4.027999e-02 -3.190104e-01
ACC: 1.000000
TM_END:   meas                                     ... done in 3.110e-04 sec.
TM_BEGIN: update                                   ...
TM_END:   update                                   ... done in 9.236e-02 sec.
TM_BEGIN: meas                                     ...
GMES: 9.990000e+02 -2.133883e-01 0.000000e+00 1.713926e-02 1.980228e-03 2.016313e-02 -5.590499e-02 3.594610e-02 -3.459774e-02 -2.157691e-02 -1.198842e-02 -2.838410e-02 2.059077e-02 1.032413e-02 4.068052e-02 1.313253e-02 8.714047e-03 -1.769776e-02 2.359547e-02 -1.959635e-01
ACC: 1.000000
TM_END:   meas                                     ... done in 2.840e-04 sec.
TM_BEGIN: update                                   ...
TM_END:   update                                   ... done in 7.233e-02 sec.
TM_BEGIN: meas                                     ...
GMES: 9.990000e+02 -1.444163e-01 0.000000e+00 1.378358e-02 -1.598721e-02 2.333374e-02 8.667779e-03 1.825627e-02 1.025870e-02 -2.972451e-02 8.463542e-03 -1.923448e-02 4.511024e-03 1.396865e-02 -1.676911e-02 3.217071e-02 8.363067e-03 -1.403408e-02 1.609097e-02 -2.330729e-01
ACC: 1.000000
TM_END:   meas                                     ... done in 2.950e-04 sec.
TM_BEGIN: update                                   ...
TM_END:   update                                   ... done in 9.267e-02 sec.
TM_BEGIN: meas                                     ...
GMES: 9.990000e+02 2.769988e-01 0.000000e+00 -5.615549e-02 -3.226325e-02 9.141687e-03 -3.048726e-02 -2.393851e-02 -1.906857e-03 -1.313253e-02 -1.423832e-02 -2.272103e-02 5.971076e-03 -1.212722e-02 6.668386e-03 -1.605264e-02 -2.386514e-02 -5.728509e-03 -1.252776e-02 -2.578125e-01
ACC: 1.000000
TM_END:   meas                                     ... done in 6.470e-04 sec.
TM_BEGIN: update                                   ...
TM_END:   update                                   ... done in 7.761e-02 sec.
TM_BEGIN: meas                                     ...
GMES: 9.990000e+02 -6.518083e-02 0.000000e+00 5.038071e-02 3.504455e-02 2.871920e-02 2.170778e-02 -1.627604e-02 2.233965e-02 3.457858e-02 1.111398e-02 -1.371814e-02 5.589705e-03 -1.463886e-02 -1.679622e-02 -3.967521e-02 -4.576457e-03 3.145424e-02 -5.758900e-03 -2.519531e-01
ACC: 1.000000
TM_END:   meas                                     ... done in 4.560e-04 sec.
TM_BEGIN: update                                   ...
TM_END:   update                                   ... done in 8.003e-02 sec.
TM_BEGIN: meas                                     ...
GMES: 9.990000e+02 -2.990959e-01 0.000000e+00 -1.187672e-02 -7.858768e-03 -1.266657e-02 9.969862e-03 -1.043583e-02 -1.755896e-02 1.250860e-02 2.671981e-02 -1.953125e-03 -2.222795e-02 5.227498e-03 -1.239689e-02 -1.733556e-02 -8.286408e-03 -4.582342e-02 -4.688158e-03 -2.623698e-01
ACC: 1.000000
TM_END:   meas                                     ... done in 3.690e-04 sec.
TM_BEGIN: update                                   ...
TM_END:   update                                   ... done in 8.110e-02 sec.
TM_BEGIN: meas                                     ...
GMES: 9.990000e+02 1.110435e-03 0.000000e+00 2.611504e-02 -1.600637e-02 3.134254e-02 -1.006240e-02 -3.610407e-02 -1.560584e-02 -1.369898e-02 2.029399e-02 -1.272406e-02 -8.509810e-03 3.150051e-02 -4.584395e-03 -1.106771e-02 -6.649221e-03 -1.978176e-02 -3.224408e-02 -2.226562e-01
ACC: 1.000000
TM_END:   meas                                     ... done in 3.030e-04 sec.
TM_BEGIN: update                                   ...
TM_END:   update                                   ... done in 7.916e-02 sec.
TM_BEGIN: meas                                     ...
GMES: 9.990000e+02 1.294417e-02 0.000000e+00 -4.276395e-04 -4.017951e-03 -4.622725e-03 2.752882e-02 -3.636580e-03 -3.121167e-02 7.523665e-03 -2.420818e-02 2.804106e-02 -1.214639e-02 -1.122568e-02 1.208096e-02 -3.219782e-02 -3.484825e-02 2.604167e-02 -3.949808e-02 -1.920573e-01
ACC: 1.000000
TM_END:   meas                                     ... done in 3.210e-04 sec.
TM_BEGIN: update                                   ...
TM_END:   update                                   ... done in 7.708e-02 sec.
TM_BEGIN: meas                                     ...
GMES: 9.990000e+02 3.125000e-02 0.000000e+00 3.015215e-02 4.083384e-03 -1.847967e-02 -1.035123e-02 -1.825627e-02 5.458839e-03 5.096632e-03 3.880077e-02 1.537449e-02 5.300870e-03 1.517820e-02 -5.431736e-03 6.306179e-03 1.262030e-02 3.816889e-02 2.014396e-02 -2.513021e-01
ACC: 1.000000
TM_END:   meas                                     ... done in 4.140e-04 sec.
TM_BEGIN: update                                   ...
TM_END:   update                                   ... done in 8.792e-02 sec.
TM_BEGIN: meas                                     ...
GMES: 9.990000e+02 1.482075e-01 0.000000e+00 4.302296e-02 1.452715e-02 -5.747674e-03 2.047907e-02 2.604167e-03 7.030592e-03 -1.348351e-03 1.863764e-02 3.583439e-02 6.799252e-03 -1.050920e-02 -4.156755e-03 9.831058e-03 -7.207726e-02 -2.885801e-02 -2.418108e-02 -2.805990e-01
ACC: 1.000000
TM_END:   meas                                     ... done in 4.040e-04 sec.
TM_BEGIN: update                                   ...
TM_END:   update                                   ... done in 7.815e-02 sec.
TM_BEGIN: meas                                     ...
GMES: 9.990000e+02 2.477791e-02 0.000000e+00 2.281356e-02 3.051436e-02 -4.400910e-02 -1.273200e-02 2.539856e-02 4.919498e-03 -2.002432e-02 -1.775991e-03 -6.668386e-03 1.203469e-02 -1.163415e-02 -1.692708e-02 -1.519736e-02 -2.667354e-02 1.748888e-03 -3.076487e-02 -1.751302e-01
ACC: 1.000000
TM_END:   meas                                     ... done in 3.130e-04 sec.
TM_BEGIN: update                                   ...
TM_END:   update                                   ... done in 1.037e-01 sec.
TM_BEGIN: meas                                     ...
GMES: 9.990000e+02 1.029029e-01 0.000000e+00 1.302083e-03 2.768679e-02 2.773306e-02 2.492466e-03 -1.710422e-02 -2.907347e-02 -1.942749e-02 1.673078e-02 6.510417e-04 -1.926158e-02 2.835700e-02 -1.446172e-02 -9.653924e-03 -2.014396e-02 2.400394e-02 1.302083e-03 -3.111979e-01
ACC: 1.000000
TM_END:   meas                                     ... done in 3.980e-04 sec.
TM_BEGIN: update                                   ...
TM_END:   update                                   ... done in 1.312e-01 sec.
TM_BEGIN: meas                                     ...
GMES: 9.990000e+02 2.053459e-01 0.000000e+00 -3.899707e-02 -2.842243e-02 -2.110300e-02 -4.195085e-03 1.787490e-02 1.479217e-03 -1.023953e-02 1.860589e-03 5.038865e-02 -9.634759e-03 5.450900e-03 2.408854e-02 1.493563e-02 -7.905036e-03 -1.691393e-03 -2.124181e-02 -2.460938e-01
ACC: 1.000000
TM_END:   meas                                     ... done in 2.970e-04 sec.
TM_BEGIN: update                                   ...
TM_END:   update                                   ... done in 1.079e-01 sec.
TM_BEGIN: meas                                     ...
GMES: 9.990000e+02 -1.673543e-02 0.000000e+00 -2.618047e-02 1.255815e-03 5.635973e-03 -1.528990e-02 -3.976775e-02 -9.398768e-04 3.518335e-02 -3.622065e-04 -3.832686e-02 3.415094e-02 2.754799e-02 2.124181e-02 -5.524272e-03 2.278646e-02 -3.713648e-02 5.282691e-02 -2.877604e-01
ACC: 1.000000
TM_END:   meas                                     ... done in 3.730e-04 sec.
TM_BEGIN: update                                   ...
TM_END:   update                                   ... done in 1.279e-01 sec.
TM_BEGIN: meas                                     ...
GMES: 9.990000e+02 -1.691942e-01 0.000000e+00 9.114583e-03 -7.142293e-03 -2.326037e-02 1.340220e-02 -3.925415e-03 -4.622725e-03 -3.459446e-03 8.147603e-03 1.703878e-02 -1.841424e-03 7.496562e-03 3.561099e-02 -3.032929e-02 -1.625688e-02 -3.624287e-02 -1.475849e-02 -2.187500e-01
ACC: 1.000000
TM_END:   meas                                     ... done in 3.060e-04 sec.
TM_BEGIN: update                                   ...
TM_END:   update                                   ... done in 1.219e-01 sec.
TM_BEGIN: meas                                     ...
GMES: 9.990000e+02 -5.713835e-02 0.000000e+00 1.436918e-02 1.917698e-02 -3.006756e-02 4.399322e-03 3.478611e-03 -3.967521e-02 4.764568e-02 -2.667354e-02 -1.444256e-02 4.108900e-02 -2.281356e-02 7.635366e-03 -6.872623e-03 -9.588491e-03 2.357630e-02 -1.389528e-02 -3.359375e-01
ACC: 1.000000
TM_END:   meas                                     ... done in 4.010e-04 sec.
TM_BEGIN: update                                   ...
TM_END:   update                                   ... done in 1.002e-01 sec.
TM_BEGIN: meas                                     ...
GMES: 9.990000e+02 5.870874e-02 0.000000e+00 -1.791323e-02 -9.398768e-04 -3.729116e-03 8.552790e-04 -9.765625e-03 -3.327650e-02 -5.766839e-03 7.943366e-03 2.343750e-02 3.347745e-03 -6.537520e-03 -3.518335e-02 2.883091e-02 1.849884e-02 -2.721288e-02 1.634147e-02 -2.246094e-01
ACC: 1.000000
TM_END:   meas                                     ... done in 3.450e-04 sec.
TM_BEGIN: update                                   ...
TM_END:   update                                   ... done in 9.018e-02 sec.
TM_BEGIN: meas                                     ...
GMES: 9.990000e+02 1.941626e-02 0.000000e+00 -4.547427e-04 -1.857221e-02 6.398716e-03 6.702065e-04 1.634941e-02 4.488355e-02 -1.517820e-02 2.153858e-02 -2.920105e-03 3.329566e-02 2.552943e-02 -3.446688e-02 3.840817e-03 5.570540e-03 2.898887e-02 4.780694e-03 -2.988281e-01
ACC: 1.000000
TM_END:   meas                                     ... done in 3.590e-04 sec.
TM_BEGIN: update                                   ...
TM_END:   update                                   ... done in 9.144e-02 sec.
TM_BEGIN: meas                                     ...
GMES: 9.990000e+02 2.856917e-02 0.000000e+00 3.810346e-02 6.175313e-03 1.960462e-02 -3.029096e-02 4.281872e-02 -7.812500e-03 -4.306786e-03 -1.722386e-02 1.389528e-02 -2.224712e-02 -4.688158e-03 -2.762136e-03 3.951724e-02 -4.445591e-03 2.231255e-02 2.538734e-03 -1.972656e-01
ACC: 1.000000
TM_END:   meas                                     ... done in 3.860e-04 sec.
TM_BEGIN: update                                   ...
TM_END:   update                                   ... done in 8.496e-02 sec.
TM_BEGIN: meas                                     ...
GMES: 9.990000e+02 -8.838835e-02 0.000000e+00 -6.668386e-03 -5.320034e-03 7.700799e-03 3.682848e-03 -9.940833e-04 1.066717e-02 9.969862e-03 -4.551542e-02 -1.117941e-02 -2.195828e-02 -3.971683e-03 -1.980092e-02 3.080000e-04 1.978176e-02 -2.703575e-02 -7.164747e-04 -2.610677e-01
ACC: 1.000000
TM_END:   meas                                     ... done in 2.990e-04 sec.
TM_BEGIN: update                                   ...
TM_END:   update                                   ... done in 7.604e-02 sec.
TM_BEGIN: meas                                     ...
GMES: 9.990000e+02 1.941626e-02 0.000000e+00 3.201274e-02 2.505552e-02 2.282150e-02 -3.143507e-03 3.363870e-02 5.878540e-03 4.275329e-02 2.456245e-02 -3.919337e-02 3.729445e-02 -1.587551e-02 -5.339199e-03 -2.045196e-02 -2.243219e-02 7.096025e-03 -2.673898e-02 -2.851562e-01
ACC: 1.000000
TM_END:   meas                                     ... done in 2.920e-04 sec.
TM_BEGIN: update                                   ...
TM_END:   update                                   ... done in 7.189e-02 sec.
TM_BEGIN: meas                                     ...
GMES: 9.990000e+02 1.272209e-01 0.000000e+00 2.153858e-02 3.347745e-03 1.225809e-02 6.510417e-03 5.998179e-03 -2.748255e-02 1.149535e-02 7.654531e-03 7.977843e-04 -1.302083e-02 2.808733e-02 5.589705e-03 -1.450005e-02 1.412662e-02 -5.524272e-03 -2.829157e-02 -2.298177e-01
ACC: 1.000000
TM_END:   meas                                     ... done in 4.720e-04 sec.
TM_BEGIN: update                                   ...
TM_END:   update                                   ... done in 7.796e-02 sec.
TM_BEGIN: meas                                     ...
GMES: 9.990000e+02 -1.363738e-01 0.000000e+00 4.341828e-03 8.536913e-03 -3.208611e-02 2.696703e-03 3.521046e-02 2.959365e-02 4.538127e-03 3.059896e-02 8.556078e-03 -1.638774e-02 2.141894e-02 -4.491859e-03 4.900333e-03 -1.236650e-03 5.674303e-03 -2.276729e-02 -3.424479e-01
ACC: 1.000000
TM_END:   meas                                     ... done in 4.280e-04 sec.
TM_BEGIN: update                                   ...
TM_END:   update                                   ... done in 7.494e-02 sec.
TM_BEGIN: meas                                     ...
GMES: 9.990000e+02 -6.472087e-03 0.000000e+00 -1.800576e-02 5.682241e-03 1.037834e-02 1.313253e-02 -9.765625e-03 2.970535e-02 -1.852594e-02 5.886478e-03 6.799252e-03 -6.602953e-03 8.910346e-03 -1.120651e-02 -9.114583e-03 -3.143507e-03 -4.159001e-02 -3.083030e-02 -2.128906e-01
ACC: 1.000000
TM_END:   meas                                     ... done in 4.050e-04 sec.
TM_BEGIN: update                                   ...
TM_END:   update                                   ... done in 6.714e-02 sec.
TM_BEGIN: meas                                     ...
GMES: 9.990000e+02 4.798543e-02 0.000000e+00 2.341834e-02 7.300263e-03 4.873230e-03 3.378873e-02 -5.663076e-03 -3.794549e-03 2.314866e-02 1.846051e-02 -7.252407e-02 -2.166945e-02 -2.245136e-02 7.477397e-03 -1.829460e-02 3.208940e-03 -2.114133e-02 8.844913e-03 -2.662760e-01
ACC: 1.000000
TM_END:   meas                                     ... done in 2.890e-04 sec.
TM_BEGIN: update                                   ...
TM_END:   update                                   ... done in 7.462e-02 sec.
TM_BEGIN: meas                                     ...
GMES: 9.990000e+02 1.444163e-01 0.000000e+00 -2.130259e-03 2.045661e-03 -3.102660e-02 -2.020939e-02 -4.622725e-03 2.685068e-02 2.283273e-02 -4.399322e-03 4.472558e-02 1.576380e-02 -4.399322e-03 1.971632e-02 9.114583e-03 2.478585e-02 7.115190e-03 4.002948e-02 -2.070312e-01
ACC: 1.000000
TM_END:   meas                                     ... done in 3.040e-04 sec.
TM_BEGIN: update                                   ...
TM_END:   update                                   ... done in 7.143e-02 sec.
TM_BEGIN: meas                                     ...
GMES: 9.990000e+02 -1.875000e-01 0.000000e+00 -8.332676e-03 1.448089e-02 -1.091768e-02 1.637187e-03 -8.752377e-03 3.143507e-03 1.468512e-02 1.450799e-02 -4.306922e-02 1.535533e-02 1.646111e-02 1.275116e-02 -3.953641e-02 4.820419e-02 7.085184e-02 -9.969862e-03 -2.675781e-01
ACC: 1.000000
TM_END:   meas                                     ... done in 5.050e-04 sec.
TM_BEGIN: update                                   ...
TM_END:   update                                   ... done in 7.230e-02 sec.
TM_BEGIN: meas                                     ...
GMES: 9.990000e+02 -5.602791e-02 0.000000e+00 1.127988e-02 5.170004e-03 -1.217485e-03 2.171572e-02 -1.171217e-03 -1.066717e-02 1.371814e-02 -1.284370e-02 3.541469e-02 3.839229e-02 3.408551e-02 -3.152761e-02 -2.742971e-03 -9.542223e-03 5.989583e-02 -3.907044e-02 -2.519531e-01
ACC: 1.000000
TM_END:   meas                                     ... done in 3.320e-04 sec.
TM_BEGIN: update                                   ...
TM_END:   update                                   ... done in 8.240e-02 sec.
TM_BEGIN: meas                                     ...
GMES: 9.990000e+02 -1.832488e-01 0.000000e+00 -3.583439e-02 -1.989346e-02 -2.514806e-02 -2.600334e-02 9.384254e-03 1.571754e-02 2.538734e-03 -3.785295e-02 -1.311337e-02 3.731361e-02 -1.549413e-02 1.073261e-02 2.213542e-02 4.892395e-03 -1.013248e-03 -6.064735e-02 -2.714844e-01
ACC: 1.000000
TM_END:   meas                                     ... done in 3.220e-04 sec.
TM_BEGIN: update                                   ...
TM_END:   update                                   ... done in 8.394e-02 sec.
TM_BEGIN: meas                                     ...
GMES: 9.990000e+02 3.017767e-01 0.000000e+00 -3.190898e-02 -1.778236e-02 4.083384e-03 2.042373e-04 -1.348351e-03 6.510417e-04 1.933960e-03 1.373731e-02 -2.373427e-02 -1.989346e-02 3.670884e-02 -2.067536e-02 -2.202372e-02 1.863764e-02 -3.667051e-02 -1.636858e-02 -2.285156e-01
ACC: 1.000000
TM_END:   meas                                     ... done in 3.050e-04 sec.
TM_BEGIN: update                                   ...
TM_END:   update                                   ... done in 8.111e-02 sec.
TM_BEGIN: meas                                     ...
GMES: 9.990000e+02 1.379442e-01 0.000000e+00 4.396283e-02 3.257919e-02 -3.630830e-02 -5.951911e-03 -2.346460e-02 -3.478611e-03 5.655138e-03 7.273159e-03 3.432342e-03 -8.891181e-03 3.821652e-03 -1.565210e-02 4.468044e-04 1.605264e-02 2.426568e-02 2.887717e-02 -2.063802e-01
ACC: 1.000000
TM_END:   meas                                     ... done in 3.030e-04 sec.
TM_BEGIN: update                                   ...
TM_END:   update                                   ... done in 7.809e-02 sec.
TM_BEGIN: meas                                     ...
GMES: 9.990000e+02 -1.294417e-02 0.000000e+00 -2.343750e-02 -8.240139e-03 7.161458e-03 1.993972e-02 -1.663825e-02 3.424348e-02 7.431129e-03 1.394155e-02 1.688082e-02 -8.706109e-03 4.443674e-02 -4.010285e-02 -8.779480e-03 -1.430375e-02 8.621511e-03 -4.380158e-03 -1.868490e-01
ACC: 1.000000
TM_END:   meas                                     ... done in 2.890e-04 sec.
TM_BEGIN: update                                   ...
TM_END:   update                                   ... done in 7.372e-02 sec.
TM_BEGIN: meas                                     ...
GMES: 9.990000e+02 1.703046e-01 0.000000e+00 -3.325733e-02 -1.217349e-02 6.464149e-03 1.381068e-02 -3.478611e-03 -2.200455e-02 1.722386e-02 -1.421122e-02 -3.425141e-02 2.166151e-02 5.543437e-03 3.448604e-02 1.670368e-02 1.486226e-02 1.821000e-02 1.533616e-02 -2.122396e-01
ACC: 1.000000
TM_END:   meas                                     ... done in 3.830e-04 sec.
TM_BEGIN: update                                   ...
TM_END:   update                                   ... done in 6.837e-02 sec.
TM_BEGIN: meas                                     ...
GMES: 9.990000e+02 1.093750e-01 0.000000e+00 5.981124e-02 1.607180e-02 -7.905036e-03 1.571754e-03 -2.962075e-02 -6.702065e-04 -3.571147e-03 6.082777e-03 4.101562e-02 1.903818e-02 -3.057979e-02 2.254389e-02 -2.243219e-02 -2.051739e-02 -7.030592e-03 -8.556078e-03 -3.170573e-01
ACC: 1.000000
TM_END:   meas                                     ... done in 3.100e-04 sec.
TM_BEGIN: update                                   ...
TM_END:   update                                   ... done in 7.053e-02 sec.
TM_BEGIN: meas                                     ...
GMES: 9.990000e+02 -3.772209e-02 0.000000e+00 5.412571e-03 1.093684e-02 -7.477397e-03 9.904429e-03 3.324939e-02 1.243522e-02 -8.825748e-03 1.317880e-02 -1.727012e-02 -1.133738e-02 1.803287e-02 4.045054e-03 5.878540e-03 -3.331483e-02 1.528990e-02 6.267850e-03 -2.929688e-01
ACC: 1.000000
TM_END:   meas                                     ... done in 2.890e-04 sec.
TM_BEGIN: update                                   ...
TM_END:   update                                   ... done in 6.771e-02 sec.
TM_BEGIN: meas                                     ...
GMES: 9.990000e+02 6.472087e-03 0.000000e+00 1.644195e-02 9.253388e-03 -4.140493e-02 1.452715e-02 2.116844e-02 1.046293e-02 2.660811e-02 -1.246233e-02 -4.326552e-02 -3.048726e-02 -1.255815e-03 -1.174585e-02 4.093103e-02 -2.564113e-02 -5.709537e-02 -1.044377e-02 -2.154948e-01
ACC: 1.000000
TM_END:   meas                                     ... done in 2.870e-04 sec.
TM_BEGIN: update                                   ...
TM_END:   update                                   ... done in 6.744e-02 sec.
TM_BEGIN: meas                                     ...
GMES: 9.990000e+02 2.225413e-01 0.000000e+00 -3.693224e-02 -2.267476e-02 -5.393406e-04 3.478611e-03 -2.773306e-02 1.102144e-02 1.460053e-03 -1.122568e-02 -3.891247e-02 -3.642000e-02 -1.579692e-04 1.555957e-02 1.214639e-02 1.118735e-02 1.302083e-02 -1.722386e-02 -2.031250e-01
ACC: 1.000000
TM_END:   meas                                     ... done in 3.100e-04 sec.
TM_BEGIN: update                                   ...
TM_END:   update                                   ... done in 6.991e-02 sec.
TM_BEGIN: meas                                     ...
GMES: 9.990000e+02 1.066942e-01 0.000000e+00 -5.412571e-03 -1.302083e-03 -5.412571e-03 -3.368497e-02 -7.877933e-03 -1.124484e-02 9.738522e-03 -1.302877e-02 5.273766e-03 -1.618022e-03 -3.050971e-03 6.444984e-03 -1.108687e-02 -3.524879e-03 -2.743629e-02 -5.012034e-03 -2.311198e-01
ACC: 1.000000
TM_END:   meas                                     ... done in 4.970e-04 sec.
TM_BEGIN: update                                   ...
TM_END:   update                                   ... done in 7.974e-02 sec.
TM_BEGIN: meas                                     ...
GMES: 9.990000e+02 6.897209e-02 0.000000e+00 1.185755e-02 -9.877326e-03 -6.845520e-03 1.158788e-02 -5.840210e-03 -1.926952e-02 1.243522e-02 -8.398109e-03 -5.431736e-03 2.067536e-02 1.084431e-02 7.207726e-03 -2.211625e-02 -1.028580e-02 -2.819903e-02 -3.514502e-02 -2.727865e-01
ACC: 1.000000
TM_END:   meas                                     ... done in 2.880e-04 sec.
TM_BEGIN: update                                   ...
TM_END:   update                                   ... done in 7.446e-02 sec.
TM_BEGIN: meas                                     ...
GMES: 9.990000e+02 3.236043e-02 0.000000e+00 -3.471738e-02 -3.031806e-03 2.893002e-03 1.008156e-02 -2.552943e-02 1.358728e-02 -2.492466e-03 2.923144e-02 -6.221582e-03 -1.646111e-02 3.813714e-03 -7.070181e-02 -9.950697e-03 2.235553e-02 -3.372330e-02 -2.522857e-03 -2.792969e-01
ACC: 1.000000
TM_END:   meas                                     ... done in 2.390e-04 sec.
TM_BEGIN: update                                   ...
TM_END:   update                                   ... done in 7.367e-02 sec.
TM_BEGIN: meas                                     ...
GMES: 9.990000e+02 -1.013325e-01 0.000000e+00 -1.502023e-02 3.794549e-03 3.636580e-03 3.549929e-02 1.461969e-02 -3.985235e-02 3.478611e-03 -4.984931e-03 1.611807e-02 -1.786696e-02 2.395768e-02 -4.084746e-04 1.697335e-02 -2.663521e-02 -6.287014e-03 -3.644711e-02 -2.265625e-01
ACC: 1.000000
TM_END:   meas                                     ... done in 2.900e-04 sec.
TM_BEGIN: update                                   ...
TM_END:   update                                   ... done in 7.750e-02 sec.
TM_BEGIN: meas                                     ...
GMES: 9.990000e+02 1.756663e-01 0.000000e+00 -1.225809e-02 -2.635761e-02 -1.847967e-02 -4.126613e-02 -6.641283e-03 -1.106771e-02 6.973098e-04 -2.966373e-03 1.347558e-02 6.287014e-03 7.164747e-04 -2.591080e-02 -3.527589e-02 -2.966702e-02 4.003742e-02 -3.138880e-02 -2.070312e-01
ACC: 1.000000
TM_END:   meas                                     ... done in 3.020e-04 sec.
TM_BEGIN: update                                   ...
TM_END:   update                                   ... done in 8.273e-02 sec.
TM_BEGIN: meas                                     ...
GMES: 9.990000e+02 7.544417e-02 0.000000e+00 3.386074e-03 5.682241e-03 2.130259e-03 -2.379971e-02 1.953125e-02 6.175313e-03 -3.006756e-02 -1.581007e-02 1.657282e-02 5.971076e-03 -1.562500e-02 -1.768983e-02 2.548316e-02 1.916488e-05 -3.181837e-03 -9.792728e-03 -2.324219e-01
ACC: 1.000000
TM_END:   meas                                     ... done in 4.050e-04 sec.
TM_BEGIN: update                                   ...
TM_END:   update                                   ... done in 7.455e-02 sec.
TM_BEGIN: meas                                     ...
GMES: 9.990000e+02 5.824878e-02 0.000000e+00 -8.174707e-03 -1.223893e-02 -9.765625e-03 -8.760315e-03 3.840817e-03 1.171217e-03 -1.014700e-02 -5.813107e-03 4.524575e-02 6.036509e-03 -6.918891e-03 2.925855e-02 6.695489e-03 8.659841e-03 -1.351391e-02 -1.019326e-02 -2.747396e-01
ACC: 1.000000
TM_END:   meas                                     ... done in 2.860e-04 sec.
TM_BEGIN: update                                   ...
TM_END:   update                                   ... done in 7.026e-02 sec.
TM_BEGIN: meas                                     ...
GMES: 9.990000e+02 1.756663e-01 0.000000e+00 2.732459e-02 3.848483e-02 5.859375e-03 9.318821e-03 -1.479217e-03 2.238592e-02 -1.398781e-02 -1.342931e-02 -8.043841e-03 -1.859137e-02 1.906528e-02 8.155542e-03 -3.031012e-02 2.566823e-02 -7.635366e-03 2.636554e-02 -1.764323e-01
ACC: 1.000000
TM_END:   meas                                     ... done in 2.900e-04 sec.
TM_BEGIN: update                                   ...
TM_END:   update                                   ... done in 7.882e-02 sec.
TM_BEGIN: meas                                     ...
GMES: 9.990000e+02 -3.791261e-03 0.000000e+00 3.881993e-02 1.852594e-02 -4.715261e-03 -7.411964e-03 -2.591080e-02 1.141075e-02 1.872224e-02 4.110487e-03 -3.578813e-02 3.257919e-02 2.646931e-02 -2.470125e-02 7.319428e-03 3.729445e-02 1.403408e-02 2.977078e-02 -2.630208e-01
ACC: 1.000000
TM_END:   meas                                     ... done in 3.650e-04 sec.
TM_BEGIN: update                                   ...
TM_END:   update                                   ... done in 7.876e-02 sec.
TM_BEGIN: meas                                     ...
GMES: 9.990000e+02 -1.325825e-01 0.000000e+00 2.176527e-03 4.780694e-03 3.952518e-03 4.268785e-02 -1.621061e-02 -2.355714e-02 6.240746e-03 -1.302083e-03 2.162318e-02 3.125794e-02 -7.681634e-03 -2.860750e-02 -1.724302e-02 -2.624590e-02 3.851193e-02 -2.654268e-02 -2.526042e-01
ACC: 1.000000
TM_END:   meas                                     ... done in 3.170e-04 sec.
TM_BEGIN: update                                   ...
TM_END:   update                                   ... done in 6.908e-02 sec.
TM_BEGIN: meas                                     ...
GMES: 9.990000e+02 1.325825e-01 0.000000e+00 -6.074839e-03 -8.594408e-03 -7.866706e-03 7.049757e-03 -4.287621e-03 6.175313e-03 2.070247e-02 -9.861449e-04 -1.040873e-02 7.431129e-03 -9.588491e-03 2.106467e-02 -1.782863e-02 -1.865681e-02 1.899985e-02 -1.821000e-02 -2.740885e-01
ACC: 1.000000
TM_END:   meas                                     ... done in 2.890e-04 sec.
TM_BEGIN: update                                   ...
TM_END:   update                                   ... done in 7.288e-02 sec.
TM_BEGIN: meas                                     ...
GMES: 9.990000e+02 1.314721e-01 0.000000e+00 2.345666e-02 2.314073e-02 -4.260518e-03 -1.746642e-02 2.662728e-02 -2.018558e-03 1.886898e-02 1.331761e-02 -3.112707e-02 -2.463582e-02 -4.739076e-04 -1.944665e-02 -1.771341e-04 -4.967218e-02 2.130724e-02 -9.141687e-03 -2.955729e-01
ACC: 1.000000
TM_END:   meas                                     ... done in 2.920e-04 sec.
TM_BEGIN: update                                   ...
TM_END:   update                                   ... done in 6.502e-02 sec.
TM_BEGIN: meas                                     ...
GMES: 9.990000e+02 -1.250000e-01 0.000000e+00 4.333889e-03 -9.272553e-03 -3.275632e-02 5.458839e-03 -4.286499e-02 -5.859375e-03 -3.189775e-03 3.293538e-03 -2.307393e-03 -3.940554e-02 -2.216252e-02 -2.119554e-02 -1.154162e-02 1.010073e-02 1.071344e-02 -1.178418e-02 -2.389323e-01
ACC: 1.000000
TM_END:   meas                                     ... done in 4.190e-04 sec.
TM_BEGIN: update                                   ...
TM_END:   update                                   ... done in 6.933e-02 sec.
TM_BEGIN: meas                                     ...
GMES: 9.990000e+02 5.981917e-02 0.000000e+00 -4.358146e-02 -2.238592e-02 2.411564e-02 -3.301476e-03 1.622977e-02 -7.496562e-03 2.608793e-02 6.239384e-04 2.151148e-02 -2.092587e-02 3.320641e-03 1.371814e-02 -5.393406e-04 -1.109481e-02 4.907863e-02 4.912490e-02 -2.747396e-01
ACC: 1.000000
TM_END:   meas                                     ... done in 2.850e-04 sec.
TM_BEGIN: update                                   ...
TM_END:   update                                   ... done in 7.278e-02 sec.
TM_BEGIN: meas                                     ...
GMES: 9.990000e+02 6.361043e-02 0.000000e+00 2.199661e-02 1.659198e-02 -1.344847e-02 -3.159384e-04 4.156290e-02 -1.396865e-02 -2.913891e-02 -1.452715e-02 3.572269e-02 -3.203985e-02 -1.069428e-02 -3.636580e-03 1.342931e-02 5.235437e-03 -2.626507e-02 2.577993e-02 -2.825521e-01
ACC: 1.000000
TM_END:   meas                                     ... done in 3.980e-04 sec.
TM_BEGIN: update                                   ...
TM_END:   update                                   ... done in 7.838e-02 sec.
TM_BEGIN: meas                                     ...
GMES: 9.990000e+02 -1.196383e-01 0.000000e+00 2.798357e-02 2.081417e-02 7.793335e-03 -1.064007e-02 -1.953125e-03 -1.109481e-02 -2.343750e-02 -4.380158e-03 2.746339e-02 3.236043e-03 -2.043280e-02 3.148134e-02 9.430522e-03 3.748281e-03 4.043795e-02 3.551982e-03 -2.220052e-01
ACC: 1.000000
TM_END:   meas                                     ... done in 3.040e-04 sec.
TM_BEGIN: update                                   ...
TM_END:   update                                   ... done in 7.429e-02 sec.
TM_BEGIN: meas                                     ...
GMES: 9.990000e+02 -8.191626e-02 0.000000e+00 1.617228e-02 -1.068634e-02 -1.933495e-02 -2.087960e-02 2.577993e-02 1.630314e-02 1.111398e-02 2.092587e-02 3.520252e-02 -2.864583e-02 -4.156755e-03 -1.706589e-02 -3.275632e-02 2.449702e-02 3.738698e-02 3.111913e-02 -2.695312e-01
ACC: 1.000000
TM_END:   meas                                     ... done in 3.070e-04 sec.
TM_BEGIN: update                                   ...
TM_END:   update                                   ... done in 6.899e-02 sec.
TM_BEGIN: meas                                     ...
GMES: 9.990000e+02 -2.745874e-02 0.000000e+00 -4.454050e-02 -3.974064e-02 -6.872623e-03 1.425748e-02 1.498190e-02 -4.622725e-03 -1.544787e-02 -6.129045e-03 -1.497396e-02 -1.957752e-02 -8.193871e-03 -2.334496e-03 -1.618351e-02 -3.767582e-02 -8.621511e-03 -2.487839e-02 -2.213542e-01
ACC: 1.000000
TM_END:   meas                                     ... done in 3.040e-04 sec.
TM_BEGIN: update                                   ...
TM_END:   update                                   ... done in 7.717e-02 sec.
TM_BEGIN: meas                                     ...
GMES: 9.990000e+02 -3.125000e-02 0.000000e+00 -3.570353e-02 -3.877366e-02 9.398768e-04 -1.484309e-02 1.481599e-02 1.538243e-02 1.538243e-02 -8.371005e-03 2.642304e-02 -3.143507e-03 -7.719964e-03 2.999418e-02 9.942759e-03 -2.312156e-02 -4.992597e-02 1.066717e-02 -2.304688e-01
ACC: 1.000000
TM_END:   meas                                     ... done in 3.790e-04 sec.
TM_BEGIN: update                                   ...
TM_END:   update                                   ... done in 7.824e-02 sec.
TM_BEGIN: meas                                     ...
GMES: 9.990000e+02 3.504126e-02 0.000000e+00 7.450293e-03 5.943973e-03 -1.600637e-02 1.033207e-02 -2.269063e-03 -2.241960e-03 -1.618022e-03 7.970469e-03 -1.872224e-02 5.181230e-03 1.674995e-02 1.776320e-02 -3.217865e-02 2.422735e-02 -5.793942e-03 1.052837e-02 -2.434896e-01
ACC: 1.000000
TM_END:   meas                                     ... done in 3.250e-04 sec.
TM_BEGIN: update                                   ...
TM_END:   update                                   ... done in 8.188e-02 sec.
TM_BEGIN: meas                                     ...
GMES: 9.990000e+02 4.419417e-02 0.000000e+00 -3.989861e-02 -2.297153e-02 5.144023e-02 -7.608263e-03 -6.217284e-02 2.236676e-02 5.418320e-02 -2.200455e-02 1.274980e-03 1.306710e-02 8.016737e-03 -4.753591e-03 -4.681751e-02 -1.590918e-03 5.042426e-03 -3.156594e-02 -2.050781e-01
ACC: 1.000000
TM_END:   meas                                     ... done in 3.900e-04 sec.
TM_BEGIN: update                                   ...
TM_END:   update                                   ... done in 8.759e-02 sec.
TM_BEGIN: meas                                     ...
GMES: 9.990000e+02 8.191626e-02 0.000000e+00 -2.729748e-02 -2.510179e-02 5.635973e-03 -3.979621e-03 3.111913e-02 1.187672e-02 2.222795e-03 -2.998296e-02 2.716662e-02 -1.412662e-02 -1.822917e-02 6.114042e-02 4.393573e-02 -7.924201e-03 -5.300870e-03 -2.272103e-02 -2.154948e-01
ACC: 1.000000
TM_END:   meas                                     ... done in 3.170e-04 sec.
TM_BEGIN: update                                   ...
TM_END:   update                                   ... done in 8.601e-02 sec.
TM_BEGIN: meas                                     ...
GMES: 9.990000e+02 -1.654029e-01 0.000000e+00 1.114108e-02 3.748281e-03 -2.725915e-02 -2.492466e-03 2.234022e-04 3.664341e-02 5.393406e-03 -2.669600e-03 5.589705e-03 -1.546703e-02 2.673898e-02 -1.208096e-02 6.221582e-03 -3.859982e-03 4.560796e-02 -9.969862e-03 -2.493490e-01
ACC: 1.000000
TM_END:   meas                                     ... done in 3.700e-04 sec.
TM_BEGIN: update                                   ...
TM_END:   update                                   ... done in 7.285e-02 sec.
TM_BEGIN: meas                                     ...
GMES: 9.990000e+02 -3.791261e-03 0.000000e+00 2.047907e-02 6.510417e-03 -2.315332e-03 1.194215e-02 1.081720e-02 -1.740099e-02 -6.641283e-03 -7.115190e-03 6.181063e-02 3.313769e-02 -1.419205e-02 -7.523665e-03 3.336109e-02 1.560584e-02 7.273159e-03 5.579328e-02 -2.187500e-01
ACC: 1.000000
TM_END:   meas                                     ... done in 3.380e-04 sec.
TM_BEGIN: update                                   ...
TM_END:   update                                   ... done in 7.176e-02 sec.
TM_BEGIN: meas                                     ...
GMES: 9.990000e+02 -2.522209e-01 0.000000e+00 4.533829e-02 2.786393e-02 -1.385695e-02 -9.838996e-03 -7.654531e-03 8.463542e-03 9.653924e-03 -1.008156e-02 -5.893679e-02 7.858768e-03 1.884188e-02 2.324120e-02 -2.462788e-02 -1.899191e-02 -3.588066e-02 -2.195692e-03 -3.424479e-01
ACC: 1.000000
TM_END:   meas                                     ... done in 2.920e-04 sec.
TM_BEGIN: update                                   ...
TM_END:   update                                   ... done in 6.966e-02 sec.
TM_BEGIN: meas                                     ...
GMES: 9.990000e+02 3.125000e-02 0.000000e+00 1.461969e-02 -1.637187e-03 2.898887e-02 -1.033207e-02 5.273766e-03 1.039750e-02 -2.808404e-03 2.943568e-02 2.441242e-02 -2.768679e-02 -1.679622e-02 -8.918284e-03 1.467718e-02 -2.961281e-02 1.375455e-03 -1.138365e-02 -2.591146e-01
ACC: 1.000000
TM_END:   meas                                     ... done in 3.030e-04 sec.
TM_BEGIN: update                                   ...
TM_END:   update                                   ... done in 7.410e-02 sec.
TM_BEGIN: meas                                     ...
GMES: 9.990000e+02 1.562500e-02 0.000000e+00 -3.989861e-02 -2.865377e-02 2.797563e-02 1.460053e-03 1.975465e-02 2.197745e-02 -8.536913e-03 -6.575850e-03 5.802402e-02 -3.702013e-03 2.602250e-02 -5.031199e-03 8.305572e-03 -3.412384e-02 3.906250e-03 1.023953e-02 -2.858073e-01
ACC: 1.000000
TM_END:   meas                                     ... done in 3.350e-04 sec.
TM_BEGIN: update                                   ...
TM_END:   update                                   ... done in 7.190e-02 sec.
TM_BEGIN: meas                                     ...
GMES: 9.990000e+02 -1.158471e-01 0.000000e+00 -5.640600e-02 -2.005143e-02 -3.181837e-03 2.138197e-03 -1.413784e-03 -4.930725e-04 -2.727832e-02 1.475056e-02 3.013299e-02 2.503636e-02 3.459446e-03 1.659198e-02 -6.918891e-03 -6.042395e-02 3.841940e-02 8.417274e-03 -1.979167e-01
ACC: 1.000000
TM_END:   meas                                     ... done in 4.830e-04 sec.
TM_BEGIN: update                                   ...
TM_END:   update                                   ... done in 7.136e-02 sec.
TM_BEGIN: meas                                     ...
GMES: 9.990000e+02 4.687500e-02 0.000000e+00 -4.367400e-02 -2.990959e-02 -2.570656e-02 -4.012202e-02 3.686681e-02 -1.010073e-02 7.654531e-03 1.236650e-03 6.687551e-03 -5.905643e-03 -1.212722e-02 -1.414578e-02 2.189285e-02 2.063703e-02 4.775738e-02 -1.742016e-02 -2.343750e-01
ACC: 1.000000
TM_END:   meas                                     ... done in 3.000e-04 sec.
TM_BEGIN: update                                   ...
TM_END:   update                                   ... done in 7.274e-02 sec.
TM_BEGIN: meas                                     ...
GMES: 9.990000e+02 -3.883252e-02 0.000000e+00 2.894261e-02 3.305309e-02 2.656184e-02 -1.538243e-02 -3.375040e-02 4.399322e-03 2.108384e-02 -1.495479e-02 2.677538e-03 -9.669801e-04 -8.174707e-03 -2.195828e-02 -3.853904e-02 1.465802e-02 4.199054e-02 2.180031e-02 -2.903646e-01
ACC: 1.000000
TM_END:   meas                                     ... done in 2.980e-04 sec.
TM_BEGIN: update                                   ...
TM_END:   update                                   ... done in 7.505e-02 sec.
TM_BEGIN: meas                                     ...
GMES: 9.990000e+02 -9.375000e-02 0.000000e+00 3.724818e-02 2.759426e-02 2.808404e-03 -1.978176e-02 -2.288228e-03 -1.221182e-02 1.055547e-02 2.585002e-03 1.025870e-02 -4.668993e-03 -1.861054e-02 -9.746460e-03 -1.551330e-02 5.031199e-03 -5.971076e-03 5.077467e-03 -1.875000e-01
ACC: 1.000000
TM_END:   meas                                     ... done in 2.880e-04 sec.
TM_BEGIN: update                                   ...
TM_END:   update                                   ... done in 7.201e-02 sec.
TM_BEGIN: meas                                     ...
GMES: 9.990000e+02 -1.830583e-02 0.000000e+00 -1.129111e-02 8.286408e-03 -8.798645e-03 1.185755e-02 -5.856087e-04 -1.173791e-02 -4.241353e-03 -7.793335e-03 2.397684e-02 2.157362e-03 2.254389e-02 8.090109e-04 9.449687e-03 1.594094e-02 -1.483515e-02 2.530603e-02 -2.532552e-01
ACC: 1.000000
TM_END:   meas                                     ... done in 3.210e-04 sec.
TM_BEGIN: update                                   ...
TM_END:   update                                   ... done in 7.619e-02 sec.
TM_BEGIN: meas                                     ...
GMES: 9.990000e+02 -1.988738e-01 0.000000e+00 4.873230e-03 -2.715868e-03 3.987945e-02 1.324424e-02 -2.887717e-02 4.930725e-04 -1.940038e-02 8.602346e-03 -4.279162e-02 2.427033e-03 5.208333e-03 1.693502e-02 8.956614e-03 1.432292e-02 -2.525976e-02 3.248665e-02 -1.992188e-01
ACC: 1.000000
TM_END:   meas                                     ... done in 3.070e-04 sec.
TM_BEGIN: update                                   ...
TM_END:   update                                   ... done in 8.136e-02 sec.
TM_BEGIN: meas                                     ...
GMES: 9.990000e+02 -1.988738e-01 0.000000e+00 -2.189285e-02 5.050364e-03 2.157691e-02 -1.093684e-02 -7.790954e-02 6.109880e-03 -2.833783e-02 1.025870e-02 -3.620783e-02 -1.259319e-02 -1.607974e-02 1.097517e-02 -7.963926e-02 -4.144326e-02 -1.469306e-02 7.142293e-03 -2.760417e-01
ACC: 1.000000
TM_END:   meas                                     ... done in 3.560e-04 sec.
TM_BEGIN: update                                   ...
TM_END:   update                                   ... done in 7.706e-02 sec.
TM_BEGIN: meas                                     ...
GMES: 9.990000e+02 1.703046e-01 0.000000e+00 -2.188491e-02 -1.953125e-03 1.711216e-02 -6.529582e-03 -2.460872e-02 -1.392238e-02 -5.813107e-03 9.207120e-03 1.980092e-02 -2.195828e-02 -3.213238e-02 -3.402007e-02 -1.419205e-02 -5.216464e-02 -6.799252e-03 -3.433601e-02 -2.291667e-01
ACC: 1.000000
TM_END:   meas                                     ... done in 3.400e-04 sec.
TM_BEGIN: update                                   ...
TM_END:   update                                   ... done in 7.289e-02 sec.
TM_BEGIN: meas                                     ...
GMES: 9.990000e+02 -9.106917e-02 0.000000e+00 4.919498e-03 2.584537e-02 1.331761e-02 1.791323e-02 -4.399322e-03 2.020939e-02 -1.113314e-02 5.273766e-03 2.176527e-03 9.318821e-03 2.591080e-02 -5.655138e-03 -6.333283e-03 -2.182742e-02 -1.664290e-03 -2.324120e-02 -3.138021e-01
ACC: 1.000000
TM_END:   meas                                     ... done in 4.040e-04 sec.
TM_BEGIN: update                                   ...
TM_END:   update                                   ... done in 6.832e-02 sec.
TM_BEGIN: meas                                     ...
GMES: 9.990000e+02 1.703046e-01 0.000000e+00 -1.008156e-02 2.557899e-03 -3.123084e-02 1.587551e-02 -2.648847e-02 3.432342e-03 -1.589467e-02 3.351033e-04 -1.876851e-02 -8.648614e-03 -1.244316e-02 -4.175920e-02 -4.283788e-02 -1.636858e-02 -1.477766e-02 -1.122568e-02 -2.187500e-01
ACC: 1.000000
TM_END:   meas                                     ... done in 2.860e-04 sec.
TM_BEGIN: update                                   ...
TM_END:   update                                   ... done in 7.159e-02 sec.
TM_BEGIN: meas                                     ...
GMES: 9.990000e+02 2.549017e-01 0.000000e+00 -1.965089e-02 -8.267243e-03 -3.813714e-03 -1.605264e-02 -4.293042e-02 -8.213036e-03 7.096025e-03 -1.742809e-02 -1.059516e-03 -1.747436e-02 2.202372e-02 3.906250e-03 -4.842759e-02 -3.219782e-02 1.479217e-03 -1.959668e-02 -2.591146e-01
ACC: 1.000000
TM_END:   meas                                     ... done in 2.950e-04 sec.
TM_BEGIN: update                                   ...
TM_END:   update                                   ... done in 7.193e-02 sec.
TM_BEGIN: meas                                     ...
GMES: 9.990000e+02 3.883252e-02 0.000000e+00 4.196344e-02 2.211625e-02 3.372330e-02 -1.266657e-02 1.674995e-02 2.519433e-02 -2.808404e-03 -1.598721e-02 2.712829e-02 -1.425748e-02 1.587551e-02 6.063612e-03 2.245929e-02 9.207120e-04 -4.846127e-03 -1.198842e-02 -3.235677e-01
ACC: 1.000000
TM_END:   meas                                     ... done in 3.030e-04 sec.
TM_BEGIN: update                                   ...
TM_END:   update                                   ... done in 6.627e-02 sec.
TM_BEGIN: meas                                     ...
GMES: 9.990000e+02 5.824878e-02 0.000000e+00 7.188562e-03 -4.418487e-03 -6.602953e-03 1.378358e-02 -2.727832e-02 2.487839e-02 -1.419205e-02 1.360644e-02 3.363870e-02 4.780694e-03 -1.840630e-02 3.208940e-03 -2.489755e-02 -1.317880e-02 -1.165332e-02 3.906250e-03 -2.376302e-01
ACC: 1.000000
TM_END:   meas                                     ... done in 2.840e-04 sec.
TM_BEGIN: update                                   ...
TM_END:   update                                   ... done in 6.892e-02 sec.
TM_BEGIN: meas                                     ...
GMES: 9.990000e+02 -1.673543e-02 0.000000e+00 5.031199e-03 -4.064219e-03 -1.822259e-03 2.130724e-02 -1.506649e-02 5.366303e-03 2.492466e-03 -2.416191e-02 -3.256002e-02 -1.438835e-02 2.264765e-02 1.794033e-02 -8.983717e-03 -3.952518e-03 4.128530e-02 -1.405325e-02 -2.265625e-01
ACC: 1.000000
TM_END:   meas                                     ... done in 3.770e-04 sec.
TM_BEGIN: update                                   ...
TM_END:   update                                   ... done in 7.276e-02 sec.
TM_BEGIN: meas                                     ...
GMES: 9.990000e+02 1.104854e-01 0.000000e+00 -5.793942e-03 -8.082170e-03 -6.543298e-05 4.339639e-02 -7.411964e-03 -1.008156e-02 -1.738183e-02 -3.203985e-02 -1.906857e-03 3.221698e-02 -1.268573e-02 1.805203e-02 -8.899120e-03 4.182464e-02 1.348351e-03 9.784790e-03 -2.174479e-01
ACC: 1.000000
TM_END:   meas                                     ... done in 3.810e-04 sec.
TM_BEGIN: update                                   ...
TM_END:   update                                   ... done in 7.472e-02 sec.
TM_BEGIN: meas                                     ...
GMES: 9.990000e+02 8.191626e-02 0.000000e+00 4.160917e-02 3.321106e-02 1.342931e-02 -6.259911e-03 1.580213e-02 3.392754e-02 -4.445591e-02 3.505714e-03 -5.682570e-02 -9.095418e-03 2.130259e-03 3.366909e-03 1.138365e-02 -5.840210e-03 -2.328747e-02 4.191717e-02 -2.024740e-01
ACC: 1.000000
TM_END:   meas                                     ... done in 3.130e-04 sec.
TM_BEGIN: update                                   ...
TM_END:   update                                   ... done in 7.443e-02 sec.
TM_BEGIN: meas                                     ...
GMES: 9.990000e+02 -2.149587e-01 0.000000e+00 -2.990959e-02 -5.096632e-03 3.394013e-03 -1.392238e-02 -3.046015e-02 -3.203985e-02 2.391141e-02 5.385467e-03 -1.387611e-02 1.365271e-02 -5.728509e-03 3.527589e-02 -2.977600e-03 1.279743e-02 4.260518e-03 -2.045196e-02 -2.968750e-01
ACC: 1.000000
TM_END:   meas                                     ... done in 3.000e-04 sec.
TM_BEGIN: update                                   ...
TM_END:   update                                   ... done in 7.783e-02 sec.
TM_BEGIN: meas                                     ...
GMES: 9.990000e+02 1.183374e-02 0.000000e+00 9.811893e-03 5.951911e-03 1.196926e-02 -2.981705e-02 2.689695e-02 1.181129e-02 1.700045e-02 -1.046293e-02 -1.387611e-02 7.030592e-03 2.968618e-02 1.710422e-02 4.890150e-02 1.571754e-03 -1.501229e-02 1.957752e-02 -2.812500e-01
ACC: 1.000000
TM_END:   meas                                     ... done in 3.090e-04 sec.
TM_BEGIN: update                                   ...
TM_END:   update                                   ... done in 7.343e-02 sec.
TM_BEGIN: meas                                     ...
GMES: 9.990000e+02 2.316942e-01 0.000000e+00 1.715049e-02 3.050971e-03 -1.928868e-02 -4.287621e-03 2.557899e-03 -1.100228e-02 -4.104273e-02 1.849884e-02 1.782863e-02 -1.117941e-02 -6.510417e-03 -1.953919e-02 -1.008156e-02 2.534436e-02 -1.133738e-02 9.942759e-03 -2.109375e-01
ACC: 1.000000
TM_END:   meas                                     ... done in 3.170e-04 sec.
TM_BEGIN: update                                   ...
TM_END:   update                                   ... done in 7.340e-02 sec.
TM_BEGIN: meas                                     ...
GMES: 9.990000e+02 -1.185279e-01 0.000000e+00 -1.141075e-02 1.762439e-02 7.346531e-03 -7.627428e-04 -8.193871e-03 3.145424e-02 -2.473958e-02 -3.453231e-02 2.251679e-02 -3.459446e-03 -3.794549e-03 -2.485128e-02 -9.634759e-03 -1.492769e-02 3.192814e-02 -1.684249e-02 -2.688802e-01
ACC: 1.000000
TM_END:   meas                                     ... done in 3.400e-04 sec.
TM_BEGIN: update                                   ...
TM_END:   update                                   ... done in 7.433e-02 sec.
TM_BEGIN: meas                                     ...
GMES: 9.990000e+02 -1.794575e-01 0.000000e+00 1.459259e-02 -2.762136e-03 2.460872e-02 5.793942e-03 -7.589098e-03 -1.764356e-02 -2.492466e-03 -3.630830e-02 3.397381e-02 4.474474e-02 -2.111094e-03 6.973098e-04 3.879283e-02 -9.765625e-03 5.195247e-02 -5.077467e-03 -2.154948e-01
ACC: 1.000000
TM_END:   meas                                     ... done in 3.260e-04 sec.
TM_BEGIN: update                                   ...
TM_END:   update                                   ... done in 7.511e-02 sec.
TM_BEGIN: meas                                     ...
GMES: 9.990000e+02 -2.430680e-01 0.000000e+00 -2.703575e-02 -3.617415e-03 9.811893e-03 1.203469e-02 1.190382e-02 -2.797563e-02 -2.624590e-02 5.347138e-03 4.780694e-03 -2.687778e-02 -6.201487e-02 -3.203985e-02 -7.627428e-04 1.834881e-02 -3.813056e-02 -1.000819e-02 -2.552083e-01
ACC: 1.000000
TM_END:   meas                                     ... done in 5.120e-04 sec.
TM_BEGIN: update                                   ...
TM_END:   update                                   ... done in 9.184e-02 sec.
TM_BEGIN: meas                                     ...
GMES: 9.990000e+02 9.486043e-02 0.000000e+00 -4.829672e-02 -3.881993e-02 6.595015e-03 7.970469e-03 -1.144114e-03 -3.276426e-02 -9.430522e-03 -8.286408e-03 7.273159e-03 -3.702478e-02 3.027179e-02 3.078074e-03 6.109880e-03 -3.390043e-02 -1.674995e-02 -3.767446e-03 -2.239583e-01
ACC: 1.000000
TM_END:   meas                                     ... done in 3.730e-04 sec.
TM_BEGIN: update                                   ...
TM_END:   update                                   ... done in 7.848e-02 sec.
TM_BEGIN: meas                                     ...
GMES: 9.990000e+02 1.783471e-01 0.000000e+00 1.476972e-02 2.597623e-02 8.667779e-03 2.826446e-02 4.005363e-04 -1.154162e-02 1.683455e-03 9.904429e-03 -2.797177e-03 8.825748e-03 6.047736e-04 -8.556078e-03 -6.221582e-03 2.381887e-02 -4.734426e-03 2.132641e-02 -2.649740e-01
ACC: 1.000000
TM_END:   meas                                     ... done in 5.110e-04 sec.
TM_BEGIN: update                                   ...
TM_END:   update                                   ... done in 8.334e-02 sec.
TM_BEGIN: meas                                     ...
GMES: 9.990000e+02 -5.445752e-02 0.000000e+00 1.941955e-02 -6.175313e-03 2.670065e-02 1.037040e-02 1.616434e-02 -1.234269e-02 -6.213643e-03 4.461387e-02 1.537449e-02 -9.207120e-04 -3.096116e-02 -7.068922e-03 -1.169959e-02 -3.572269e-02 -4.613936e-02 -3.699767e-02 -2.721354e-01
ACC: 1.000000
TM_END:   meas                                     ... done in 3.070e-04 sec.
TM_BEGIN: update                                   ...
TM_END:   update                                   ... done in 8.834e-02 sec.
TM_BEGIN: meas                                     ...
GMES: 9.990000e+02 -1.950825e-01 0.000000e+00 -8.155542e-03 1.528990e-02 2.376138e-02 -3.186271e-02 1.693502e-02 -5.031199e-03 -3.161221e-02 -1.906857e-03 -3.893163e-02 -2.579910e-02 5.589705e-03 1.587551e-02 4.800789e-02 3.971683e-03 -2.604167e-02 2.111094e-03 -2.330729e-01
ACC: 1.000000
TM_END:   meas                                     ... done in 2.800e-04 sec.
