20
-2 0 -1.618033988749895 2 -0.0 -0.0 -0.6180339887498949 0 1.618033988749895 1.618033988749895 -0.0 -0.0 0.6180339887498948 -0.0 -0.0 0.6180339887498949 -0.0 -0.0 -1.618033988749895 -0.6180339887498948
0 0 -0.0 0 -0.0 -0.0 -0.0 0 -0.0 -0.0 -0.0 -0.0 -0.0 -0.0 -0.0 -0.0 -0.0 -0.0 -0.0 -0.0
0 1 2 3 4 5 6 7 8 9 10 11 12 13 14 15 16 17 18 19 
1 3 4 7 8 9 10 0 13 14 15 12 16 2 18 17 19 6 5 11 
2 5 6 8 1 11 12 14 15 3 4 17 9 7 16 19 10 13 0 18 
3 7 8 0 13 14 15 1 2 18 17 16 19 4 5 6 11 10 9 12 
4 9 10 13 3 12 16 18 17 7 8 6 14 0 19 11 15 2 1 5 
5 8 1 14 15 3 4 2 7 16 19 9 10 6 0 13 18 12 11 17 
6 11 12 15 5 17 9 16 19 8 1 13 3 14 10 18 4 7 2 0 
7 0 13 1 2 18 17 3 4 5 6 19 11 8 9 10 12 15 14 16 
8 14 15 2 7 16 19 5 6 0 13 10 18 1 11 12 17 4 3 9 
9 13 3 18 17 7 8 4 0 19 11 14 15 10 1 2 5 16 12 6 
10 12 16 17 9 6 14 19 11 13 3 2 7 18 15 5 8 0 4 1 
11 15 5 16 19 8 1 6 14 10 18 3 4 12 2 7 0 9 17 13 
12 17 9 19 11 13 3 10 18 15 5 7 8 16 4 0 1 14 6 2 
13 18 17 4 0 19 11 9 10 1 2 15 5 3 12 16 6 8 7 14 
14 2 7 5 6 0 13 8 1 11 12 18 17 15 3 4 9 19 16 10 
15 16 19 6 14 10 18 11 12 2 7 4 0 5 17 9 13 1 8 3 
16 6 14 11 12 2 7 15 5 17 9 0 13 19 8 1 3 18 10 4 
17 19 11 10 18 15 5 12 16 4 0 8 1 9 6 14 2 3 13 7 
18 4 0 9 10 1 2 13 3 12 16 5 6 17 7 8 14 11 19 15 
19 10 18 12 16 4 0 17 9 6 14 1 2 11 13 3 7 5 15 8 
