32
-2 0 -1.8477590650225735 2 -0.0 -0.0 -1.414213562373095 0 1.8477590650225735 1.8477590650225735 -0.0 -0.0 -0.7653668647301793 -0.0 -0.0 1.414213562373095 1.414213562373095 -0.0 -0.0 4.440892098500626e-16 -1.8477590650225735 -0.0 -0.0 0.7653668647301793 0.7653668647301793 -0.0 -0.0 -1.414213562373095 -0.0 -0.0 -4.440892098500626e-16 -0.7653668647301793
0 0 -0.0 0 -0.0 -0.0 -0.0 0 -0.0 -0.0 -0.0 -0.0 -0.0 -0.0 -0.0 -0.0 -0.0 -0.0 -0.0 -0.0 -0.0 -0.0 -0.0 -0.0 -0.0 -0.0 -0.0 -0.0 -0.0 -0.0 -0.0 -0.0
0 1 2 3 4 5 6 7 8 9 10 11 12 13 14 15 16 17 18 19 20 21 22 23 24 25 26 27 28 29 30 31 
1 3 4 7 8 9 10 0 13 14 15 16 17 2 20 21 22 23 24 25 5 6 27 28 29 30 19 11 12 31 26 18 
2 5 6 8 1 11 12 14 15 3 4 18 19 7 22 23 9 10 26 24 0 13 29 30 16 17 28 20 21 25 31 27 
3 7 8 0 13 14 15 1 2 20 21 22 23 4 5 6 27 28 29 30 9 10 11 12 31 26 25 16 17 18 19 24 
4 9 10 13 3 16 17 20 21 7 8 24 25 0 27 28 14 15 19 29 1 2 31 26 22 23 12 5 6 30 18 11 
5 8 1 14 15 3 4 2 7 22 23 9 10 6 0 13 29 30 16 17 11 12 20 21 25 31 24 18 19 27 28 26 
6 11 12 15 5 18 19 22 23 8 1 26 24 14 29 30 3 4 28 16 2 7 25 31 9 10 21 0 13 17 27 20 
7 0 13 1 2 20 21 3 4 5 6 27 28 8 9 10 11 12 31 26 14 15 16 17 18 19 30 22 23 24 25 29 
8 14 15 2 7 22 23 5 6 0 13 29 30 1 11 12 20 21 25 31 3 4 18 19 27 28 17 9 10 26 24 16 
9 13 3 20 21 7 8 4 0 27 28 14 15 10 1 2 31 26 22 23 16 17 5 6 30 18 29 24 25 11 12 19 
10 16 17 21 9 24 25 27 28 13 3 19 29 20 31 26 7 8 12 22 4 0 30 18 14 15 6 1 2 23 11 5 
11 15 5 22 23 8 1 6 14 29 30 3 4 12 2 7 25 31 9 10 18 19 0 13 17 27 16 26 24 20 21 28 
12 18 19 23 11 26 24 29 30 15 5 28 16 22 25 31 8 1 21 9 6 14 17 27 3 4 13 2 7 10 20 0 
13 20 21 4 0 27 28 9 10 1 2 31 26 3 16 17 5 6 30 18 7 8 24 25 11 12 23 14 15 19 29 22 
14 2 7 5 6 0 13 8 1 11 12 20 21 15 3 4 18 19 27 28 22 23 9 10 26 24 31 29 30 16 17 25 
15 22 23 6 14 29 30 11 12 2 7 25 31 5 18 19 0 13 17 27 8 1 26 24 20 21 10 3 4 28 16 9 
16 21 9 27 28 13 3 10 20 31 26 7 8 17 4 0 30 18 14 15 24 25 1 2 23 11 22 19 29 5 6 12 
17 24 25 28 16 19 29 31 26 21 9 12 22 27 30 18 13 3 6 14 10 20 23 11 7 8 2 4 0 15 5 1 
18 23 11 29 30 15 5 12 22 25 31 8 1 19 6 14 17 27 3 4 26 24 2 7 10 20 9 28 16 0 13 21 
19 26 24 30 18 28 16 25 31 23 11 21 9 29 17 27 15 5 13 3 12 22 10 20 8 1 7 6 14 4 0 2 
20 4 0 9 10 1 2 13 3 16 17 5 6 21 7 8 24 25 11 12 27 28 14 15 19 29 18 31 26 22 23 30 
21 27 28 10 20 31 26 16 17 4 0 30 18 9 24 25 1 2 23 11 13 3 19 29 5 6 15 7 8 12 22 14 
22 6 14 11 12 2 7 15 5 18 19 0 13 23 8 1 26 24 20 21 29 30 3 4 28 16 27 25 31 9 10 17 
23 29 30 12 22 25 31 18 19 6 14 17 27 11 26 24 2 7 10 20 15 5 28 16 0 13 4 8 1 21 9 3 
24 28 16 31 26 21 9 17 27 30 18 13 3 25 10 20 23 11 7 8 19 29 4 0 15 5 14 12 22 1 2 6 
25 19 29 26 24 12 22 30 18 28 16 6 14 31 23 11 21 9 2 7 17 27 15 5 13 3 0 10 20 8 1 4 
26 30 18 25 31 23 11 19 29 17 27 15 5 24 12 22 10 20 8 1 28 16 6 14 4 0 3 21 9 2 7 13 
27 10 20 16 17 4 0 21 9 24 25 1 2 28 13 3 19 29 5 6 31 26 7 8 12 22 11 30 18 14 15 23 
28 31 26 17 27 30 18 24 25 10 20 23 11 16 19 29 4 0 15 5 21 9 12 22 1 2 8 13 3 6 14 7 
29 12 22 18 19 6 14 23 11 26 24 2 7 30 15 5 28 16 0 13 25 31 8 1 21 9 20 17 27 3 4 10 
30 25 31 19 29 17 27 26 24 12 22 10 20 18 28 16 6 14 4 0 23 11 21 9 2 7 1 15 5 13 3 8 
31 17 27 24 25 10 20 28 16 19 29 4 0 26 21 9 12 22 1 2 30 18 13 3 6 14 5 23 11 7 8 15 
