64
-2 0 -1.9615705608064609 2 -0.0 -0.0 -1.8477590650225735 0 1.9615705608064609 1.9615705608064609 -0.0 -0.0 -1.6629392246050905 -0.0 -0.0 1.8477590650225735 1.8477590650225735 -0.0 -0.0 -1.414213562373095 -1.9615705608064609 -0.0 -0.0 1.6629392246050905 1.6629392246050905 -0.0 -0.0 -1.1111404660392044 -1.8477590650225735 -0.0 -0.0 1.414213562373095 1.414213562373095 -0.0 -0.0 -0.7653668647301795 -1.6629392246050905 -0.0 -0.0 1.1111404660392044 1.1111404660392044 -0.0 -0.0 -0.3901806440322566 -1.414213562373095 -0.0 -0.0 0.7653668647301795 0.7653668647301797 -0.0 -0.0 -0.0 -1.1111404660392044 -0.0 -0.0 0.3901806440322566 0.3901806440322566 -0.0 -0.0 -0.7653668647301797 -0.0 -0.0 -0.0 -0.3901806440322566
0 0 -0.0 0 -0.0 -0.0 -0.0 0 -0.0 -0.0 -0.0 -0.0 -0.0 -0.0 -0.0 -0.0 -0.0 -0.0 -0.0 -0.0 -0.0 -0.0 -0.0 -0.0 -0.0 -0.0 -0.0 -0.0 -0.0 -0.0 -0.0 -0.0 -0.0 -0.0 -0.0 -0.0 -0.0 -0.0 -0.0 -0.0 -0.0 -0.0 -0.0 -0.0 -0.0 -0.0 -0.0 -0.0 -0.0 -0.0 -0.0 -0.0 -0.0 -0.0 -0.0 -0.0 -0.0 -0.0 -0.0 -0.0 -0.0 -0.0 -0.0 -0.0
0 1 2 3 4 5 6 7 8 9 10 11 12 13 14 15 16 17 18 19 20 21 22 23 24 25 26 27 28 29 30 31 32 33 34 35 36 37 38 39 40 41 42 43 44 45 46 47 48 49 50 51 52 53 54 55 56 57 58 59 60 61 62 63 
1 3 4 7 8 9 10 0 13 14 15 16 17 2 20 21 22 23 24 25 5 6 28 29 30 31 32 33 11 12 36 37 38 39 40 41 18 19 44 45 46 47 48 49 26 27 52 53 54 55 56 57 34 35 59 60 61 62 51 42 43 63 58 50 
2 5 6 8 1 11 12 14 15 3 4 18 19 7 22 23 9 10 26 27 0 13 30 31 16 17 34 35 20 21 38 39 24 25 42 43 28 29 46 47 32 33 50 51 36 37 54 55 40 41 58 56 44 45 61 62 48 49 60 52 53 57 63 59 
3 7 8 0 13 14 15 1 2 20 21 22 23 4 5 6 28 29 30 31 9 10 11 12 36 37 38 39 16 17 18 19 44 45 46 47 24 25 26 27 52 53 54 55 32 33 34 35 59 60 61 62 40 41 42 43 63 58 57 48 49 50 51 56 
4 9 10 13 3 16 17 20 21 7 8 24 25 0 28 29 14 15 32 33 1 2 36 37 22 23 40 41 5 6 44 45 30 31 48 49 11 12 52 53 38 39 56 57 18 19 59 60 46 47 51 61 26 27 63 58 54 55 43 34 35 62 50 42 
5 8 1 14 15 3 4 2 7 22 23 9 10 6 0 13 30 31 16 17 11 12 20 21 38 39 24 25 18 19 28 29 46 47 32 33 26 27 36 37 54 55 40 41 34 35 44 45 61 62 48 49 42 43 52 53 57 63 56 50 51 59 60 58 
6 11 12 15 5 18 19 22 23 8 1 26 27 14 30 31 3 4 34 35 2 7 38 39 9 10 42 43 0 13 46 47 16 17 50 51 20 21 54 55 24 25 58 56 28 29 61 62 32 33 60 48 36 37 57 63 40 41 53 44 45 49 59 52 
7 0 13 1 2 20 21 3 4 5 6 28 29 8 9 10 11 12 36 37 14 15 16 17 18 19 44 45 22 23 24 25 26 27 52 53 30 31 32 33 34 35 59 60 38 39 40 41 42 43 63 58 46 47 48 49 50 51 62 54 55 56 57 61 
8 14 15 2 7 22 23 5 6 0 13 30 31 1 11 12 20 21 38 39 3 4 18 19 28 29 46 47 9 10 26 27 36 37 54 55 16 17 34 35 44 45 61 62 24 25 42 43 52 53 57 63 32 33 50 51 59 60 49 40 41 58 56 48 
9 13 3 20 21 7 8 4 0 28 29 14 15 10 1 2 36 37 22 23 16 17 5 6 44 45 30 31 24 25 11 12 52 53 38 39 32 33 18 19 59 60 46 47 40 41 26 27 63 58 54 55 48 49 34 35 62 50 61 56 57 42 43 51 
10 16 17 21 9 24 25 28 29 13 3 32 33 20 36 37 7 8 40 41 4 0 44 45 14 15 48 49 1 2 52 53 22 23 56 57 5 6 59 60 30 31 51 61 11 12 63 58 38 39 43 54 18 19 62 50 46 47 35 26 27 55 42 34 
11 15 5 22 23 8 1 6 14 30 31 3 4 12 2 7 38 39 9 10 18 19 0 13 46 47 16 17 26 27 20 21 54 55 24 25 34 35 28 29 61 62 32 33 42 43 36 37 57 63 40 41 50 51 44 45 49 59 48 58 56 52 53 60 
12 18 19 23 11 26 27 30 31 15 5 34 35 22 38 39 8 1 42 43 6 14 46 47 3 4 50 51 2 7 54 55 9 10 58 56 0 13 61 62 16 17 60 48 20 21 57 63 24 25 53 40 28 29 49 59 32 33 45 36 37 41 52 44 
13 20 21 4 0 28 29 9 10 1 2 36 37 3 16 17 5 6 44 45 7 8 24 25 11 12 52 53 14 15 32 33 18 19 59 60 22 23 40 41 26 27 63 58 30 31 48 49 34 35 62 50 38 39 56 57 42 43 55 46 47 51 61 54 
14 2 7 5 6 0 13 8 1 11 12 20 21 15 3 4 18 19 28 29 22 23 9 10 26 27 36 37 30 31 16 17 34 35 44 45 38 39 24 25 42 43 52 53 46 47 32 33 50 51 59 60 54 55 40 41 58 56 63 61 62 48 49 57 
15 22 23 6 14 30 31 11 12 2 7 38 39 5 18 19 0 13 46 47 8 1 26 27 20 21 54 55 3 4 34 35 28 29 61 62 9 10 42 43 36 37 57 63 16 17 50 51 44 45 49 59 24 25 58 56 52 53 41 32 33 60 48 40 
16 21 9 28 29 13 3 10 20 36 37 7 8 17 4 0 44 45 14 15 24 25 1 2 52 53 22 23 32 33 5 6 59 60 30 31 40 41 11 12 63 58 38 39 48 49 18 19 62 50 46 47 56 57 26 27 55 42 54 51 61 34 35 43 
17 24 25 29 16 32 33 36 37 21 9 40 41 28 44 45 13 3 48 49 10 20 52 53 7 8 56 57 4 0 59 60 14 15 51 61 1 2 63 58 22 23 43 54 5 6 62 50 30 31 35 46 11 12 55 42 38 39 27 18 19 47 34 26 
18 23 11 30 31 15 5 12 22 38 39 8 1 19 6 14 46 47 3 4 26 27 2 7 54 55 9 10 34 35 0 13 61 62 16 17 42 43 20 21 57 63 24 25 50 51 28 29 49 59 32 33 58 56 36 37 41 52 40 60 48 44 45 53 
19 26 27 31 18 34 35 38 39 23 11 42 43 30 46 47 15 5 50 51 12 22 54 55 8 1 58 56 6 14 61 62 3 4 60 48 2 7 57 63 9 10 53 40 0 13 49 59 16 17 45 32 20 21 41 52 24 25 37 28 29 33 44 36 
20 4 0 9 10 1 2 13 3 16 17 5 6 21 7 8 24 25 11 12 28 29 14 15 32 33 18 19 36 37 22 23 40 41 26 27 44 45 30 31 48 49 34 35 52 53 38 39 56 57 42 43 59 60 46 47 51 61 50 63 58 54 55 62 
21 28 29 10 20 36 37 16 17 4 0 44 45 9 24 25 1 2 52 53 13 3 32 33 5 6 59 60 7 8 40 41 11 12 63 58 14 15 48 49 18 19 62 50 22 23 56 57 26 27 55 42 30 31 51 61 34 35 47 38 39 43 54 46 
22 6 14 11 12 2 7 15 5 18 19 0 13 23 8 1 26 27 20 21 30 31 3 4 34 35 28 29 38 39 9 10 42 43 36 37 46 47 16 17 50 51 44 45 54 55 24 25 58 56 52 53 61 62 32 33 60 48 59 57 63 40 41 49 
23 30 31 12 22 38 39 18 19 6 14 46 47 11 26 27 2 7 54 55 15 5 34 35 0 13 61 62 8 1 42 43 20 21 57 63 3 4 50 51 28 29 49 59 9 10 58 56 36 37 41 52 16 17 60 48 44 45 33 24 25 53 40 32 
24 29 16 36 37 21 9 17 28 44 45 13 3 25 10 20 52 53 7 8 32 33 4 0 59 60 14 15 40 41 1 2 63 58 22 23 48 49 5 6 62 50 30 31 56 57 11 12 55 42 38 39 51 61 18 19 47 34 46 43 54 26 27 35 
25 32 33 37 24 40 41 44 45 29 16 48 49 36 52 53 21 9 56 57 17 28 59 60 13 3 51 61 10 20 63 58 7 8 43 54 4 0 62 50 14 15 35 46 1 2 55 42 22 23 27 38 5 6 47 34 30 31 19 11 12 39 26 18 
26 31 18 38 39 23 11 19 30 46 47 15 5 27 12 22 54 55 8 1 34 35 6 14 61 62 3 4 42 43 2 7 57 63 9 10 50 51 0 13 49 59 16 17 58 56 20 21 41 52 24 25 60 48 28 29 33 44 32 53 40 36 37 45 
27 34 35 39 26 42 43 46 47 31 18 50 51 38 54 55 23 11 58 56 19 30 61 62 15 5 60 48 12 22 57 63 8 1 53 40 6 14 49 59 3 4 45 32 2 7 41 52 9 10 37 24 0 13 33 44 16 17 29 20 21 25 36 28 
28 10 20 16 17 4 0 21 9 24 25 1 2 29 13 3 32 33 5 6 36 37 7 8 40 41 11 12 44 45 14 15 48 49 18 19 52 53 22 23 56 57 26 27 59 60 30 31 51 61 34 35 63 58 38 39 43 54 42 62 50 46 47 55 
29 36 37 17 28 44 45 24 25 10 20 52 53 16 32 33 4 0 59 60 21 9 40 41 1 2 63 58 13 3 48 49 5 6 62 50 7 8 56 57 11 12 55 42 14 15 51 61 18 19 47 34 22 23 43 54 26 27 39 30 31 35 46 38 
30 12 22 18 19 6 14 23 11 26 27 2 7 31 15 5 34 35 0 13 38 39 8 1 42 43 20 21 46 47 3 4 50 51 28 29 54 55 9 10 58 56 36 37 61 62 16 17 60 48 44 45 57 63 24 25 53 40 52 49 59 32 33 41 
31 38 39 19 30 46 47 26 27 12 22 54 55 18 34 35 6 14 61 62 23 11 42 43 2 7 57 63 15 5 50 51 0 13 49 59 8 1 58 56 20 21 41 52 3 4 60 48 28 29 33 44 9 10 53 40 36 37 25 16 17 45 32 24 
32 37 24 44 45 29 16 25 36 52 53 21 9 33 17 28 59 60 13 3 40 41 10 20 63 58 7 8 48 49 4 0 62 50 14 15 56 57 1 2 55 42 22 23 51 61 5 6 47 34 30 31 43 54 11 12 39 26 38 35 46 18 19 27 
33 40 41 45 32 48 49 52 53 37 24 56 57 44 59 60 29 16 51 61 25 36 63 58 21 9 43 54 17 28 62 50 13 3 35 46 10 20 55 42 7 8 27 38 4 0 47 34 14 15 19 30 1 2 39 26 22 23 12 5 6 31 18 11 
34 39 26 46 47 31 18 27 38 54 55 23 11 35 19 30 61 62 15 5 42 43 12 22 57 63 8 1 50 51 6 14 49 59 3 4 58 56 2 7 41 52 9 10 60 48 0 13 33 44 16 17 53 40 20 21 25 36 24 45 32 28 29 37 
35 42 43 47 34 50 51 54 55 39 26 58 56 46 61 62 31 18 60 48 27 38 57 63 23 11 53 40 19 30 49 59 15 5 45 32 12 22 41 52 8 1 37 24 6 14 33 44 3 4 29 16 2 7 25 36 9 10 21 0 13 17 28 20 
36 17 28 24 25 10 20 29 16 32 33 4 0 37 21 9 40 41 1 2 44 45 13 3 48 49 5 6 52 53 7 8 56 57 11 12 59 60 14 15 51 61 18 19 63 58 22 23 43 54 26 27 62 50 30 31 35 46 34 55 42 38 39 47 
37 44 45 25 36 52 53 32 33 17 28 59 60 24 40 41 10 20 63 58 29 16 48 49 4 0 62 50 21 9 56 57 1 2 55 42 13 3 51 61 5 6 47 34 7 8 43 54 11 12 39 26 14 15 35 46 18 19 31 22 23 27 38 30 
38 19 30 26 27 12 22 31 18 34 35 6 14 39 23 11 42 43 2 7 46 47 15 5 50 51 0 13 54 55 8 1 58 56 20 21 61 62 3 4 60 48 28 29 57 63 9 10 53 40 36 37 49 59 16 17 45 32 44 41 52 24 25 33 
39 46 47 27 38 54 55 34 35 19 30 61 62 26 42 43 12 22 57 63 31 18 50 51 6 14 49 59 23 11 58 56 2 7 41 52 15 5 60 48 0 13 33 44 8 1 53 40 20 21 25 36 3 4 45 32 28 29 17 9 10 37 24 16 
40 45 32 52 53 37 24 33 44 59 60 29 16 41 25 36 63 58 21 9 48 49 17 28 62 50 13 3 56 57 10 20 55 42 7 8 51 61 4 0 47 34 14 15 43 54 1 2 39 26 22 23 35 46 5 6 31 18 30 27 38 11 12 19 
41 48 49 53 40 56 57 59 60 45 32 51 61 52 63 58 37 24 43 54 33 44 62 50 29 16 35 46 25 36 55 42 21 9 27 38 17 28 47 34 13 3 19 30 10 20 39 26 7 8 12 22 4 0 31 18 14 15 6 1 2 23 11 5 
42 47 34 54 55 39 26 35 46 61 62 31 18 43 27 38 57 63 23 11 50 51 19 30 49 59 15 5 58 56 12 22 41 52 8 1 60 48 6 14 33 44 3 4 53 40 2 7 25 36 9 10 45 32 0 13 17 28 16 37 24 20 21 29 
43 50 51 55 42 58 56 61 62 47 34 60 48 54 57 63 39 26 53 40 35 46 49 59 31 18 45 32 27 38 41 52 23 11 37 24 19 30 33 44 15 5 29 16 12 22 25 36 8 1 21 9 6 14 17 28 3 4 13 2 7 10 20 0 
44 25 36 32 33 17 28 37 24 40 41 10 20 45 29 16 48 49 4 0 52 53 21 9 56 57 1 2 59 60 13 3 51 61 5 6 63 58 7 8 43 54 11 12 62 50 14 15 35 46 18 19 55 42 22 23 27 38 26 47 34 30 31 39 
45 52 53 33 44 59 60 40 41 25 36 63 58 32 48 49 17 28 62 50 37 24 56 57 10 20 55 42 29 16 51 61 4 0 47 34 21 9 43 54 1 2 39 26 13 3 35 46 5 6 31 18 7 8 27 38 11 12 23 14 15 19 30 22 
46 27 38 34 35 19 30 39 26 42 43 12 22 47 31 18 50 51 6 14 54 55 23 11 58 56 2 7 61 62 15 5 60 48 0 13 57 63 8 1 53 40 20 21 49 59 3 4 45 32 28 29 41 52 9 10 37 24 36 33 44 16 17 25 
47 54 55 35 46 61 62 42 43 27 38 57 63 34 50 51 19 30 49 59 39 26 58 56 12 22 41 52 31 18 60 48 6 14 33 44 23 11 53 40 2 7 25 36 15 5 45 32 0 13 17 28 8 1 37 24 20 21 10 3 4 29 16 9 
48 53 40 59 60 45 32 41 52 63 58 37 24 49 33 44 62 50 29 16 56 57 25 36 55 42 21 9 51 61 17 28 47 34 13 3 43 54 10 20 39 26 7 8 35 46 4 0 31 18 14 15 27 38 1 2 23 11 22 19 30 5 6 12 
49 56 57 60 48 51 61 63 58 53 40 43 54 59 62 50 45 32 35 46 41 52 55 42 37 24 27 38 33 44 47 34 29 16 19 30 25 36 39 26 21 9 12 22 17 28 31 18 13 3 6 14 10 20 23 11 7 8 2 4 0 15 5 1 
50 55 42 61 62 47 34 43 54 57 63 39 26 51 35 46 49 59 31 18 58 56 27 38 41 52 23 11 60 48 19 30 33 44 15 5 53 40 12 22 25 36 8 1 45 32 6 14 17 28 3 4 37 24 2 7 10 20 9 29 16 0 13 21 
51 58 56 62 50 60 48 57 63 55 42 53 40 61 49 59 47 34 45 32 43 54 41 52 39 26 37 24 35 46 33 44 31 18 29 16 27 38 25 36 23 11 21 9 19 30 17 28 15 5 13 3 12 22 10 20 8 1 7 6 14 4 0 2 
52 33 44 40 41 25 36 45 32 48 49 17 28 53 37 24 56 57 10 20 59 60 29 16 51 61 4 0 63 58 21 9 43 54 1 2 62 50 13 3 35 46 5 6 55 42 7 8 27 38 11 12 47 34 14 15 19 30 18 39 26 22 23 31 
53 59 60 41 52 63 58 48 49 33 44 62 50 40 56 57 25 36 55 42 45 32 51 61 17 28 47 34 37 24 43 54 10 20 39 26 29 16 35 46 4 0 31 18 21 9 27 38 1 2 23 11 13 3 19 30 5 6 15 7 8 12 22 14 
54 35 46 42 43 27 38 47 34 50 51 19 30 55 39 26 58 56 12 22 61 62 31 18 60 48 6 14 57 63 23 11 53 40 2 7 49 59 15 5 45 32 0 13 41 52 8 1 37 24 20 21 33 44 3 4 29 16 28 25 36 9 10 17 
55 61 62 43 54 57 63 50 51 35 46 49 59 42 58 56 27 38 41 52 47 34 60 48 19 30 33 44 39 26 53 40 12 22 25 36 31 18 45 32 6 14 17 28 23 11 37 24 2 7 10 20 15 5 29 16 0 13 4 8 1 21 9 3 
56 60 48 63 58 53 40 49 59 62 50 45 32 57 41 52 55 42 37 24 51 61 33 44 47 34 29 16 43 54 25 36 39 26 21 9 35 46 17 28 31 18 13 3 27 38 10 20 23 11 7 8 19 30 4 0 15 5 14 12 22 1 2 6 
57 51 61 58 56 43 54 62 50 60 48 35 46 63 55 42 53 40 27 38 49 59 47 34 45 32 19 30 41 52 39 26 37 24 12 22 33 44 31 18 29 16 6 14 25 36 23 11 21 9 2 7 17 28 15 5 13 3 0 10 20 8 1 4 
58 62 50 57 63 55 42 51 61 49 59 47 34 56 43 54 41 52 39 26 60 48 35 46 33 44 31 18 53 40 27 38 25 36 23 11 45 32 19 30 17 28 15 5 37 24 12 22 10 20 8 1 29 16 6 14 4 0 3 21 9 2 7 13 
59 41 52 48 49 33 44 53 40 56 57 25 36 60 45 32 51 61 17 28 63 58 37 24 43 54 10 20 62 50 29 16 35 46 4 0 55 42 21 9 27 38 1 2 47 34 13 3 19 30 5 6 39 26 7 8 12 22 11 31 18 14 15 23 
60 63 58 49 59 62 50 56 57 41 52 55 42 48 51 61 33 44 47 34 53 40 43 54 25 36 39 26 45 32 35 46 17 28 31 18 37 24 27 38 10 20 23 11 29 16 19 30 4 0 15 5 21 9 12 22 1 2 8 13 3 6 14 7 
61 43 54 50 51 35 46 55 42 58 56 27 38 62 47 34 60 48 19 30 57 63 39 26 53 40 12 22 49 59 31 18 45 32 6 14 41 52 23 11 37 24 2 7 33 44 15 5 29 16 0 13 25 36 8 1 21 9 20 17 28 3 4 10 
62 57 63 51 61 49 59 58 56 43 54 41 52 50 60 48 35 46 33 44 55 42 53 40 27 38 25 36 47 34 45 32 19 30 17 28 39 26 37 24 12 22 10 20 31 18 29 16 6 14 4 0 23 11 21 9 2 7 1 15 5 13 3 8 
63 49 59 56 57 41 52 60 48 51 61 33 44 58 53 40 43 54 25 36 62 50 45 32 35 46 17 28 55 42 37 24 27 38 10 20 47 34 29 16 19 30 4 0 39 26 21 9 12 22 1 2 31 18 13 3 6 14 5 23 11 7 8 15 
