16
-2 0 -1.4142135623730951 2 -0.0 -0.0 -4.440892098500626e-16 0 1.4142135623730951 1.4142135623730951 -0.0 -0.0 -0.0 -0.0 4.440892098500626e-16 -1.4142135623730951
0 0 -0.0 0 -0.0 -0.0 -0.0 0 -0.0 -0.0 -0.0 -0.0 -0.0 -0.0 -0.0 -0.0
0 1 2 3 4 5 6 7 8 9 10 11 12 13 14 15 
1 3 4 7 8 9 10 0 12 13 14 6 2 15 11 5 
2 5 6 8 1 11 9 13 14 3 4 12 7 10 15 0 
3 7 8 0 12 13 14 1 2 15 11 10 4 5 6 9 
4 9 10 12 3 6 13 15 11 7 8 2 0 14 5 1 
5 8 1 13 14 3 4 2 7 10 15 9 6 0 12 11 
6 11 9 14 5 12 3 10 15 8 1 7 13 4 0 2 
7 0 12 1 2 15 11 3 4 5 6 14 8 9 10 13 
8 13 14 2 7 10 15 5 6 0 12 4 1 11 9 3 
9 12 3 15 11 7 8 4 0 14 5 13 10 1 2 6 
10 6 13 11 9 2 7 14 5 12 3 0 15 8 1 4 
11 14 5 10 15 8 1 6 13 4 0 3 9 2 7 12 
12 15 11 4 0 14 5 9 10 1 2 8 3 6 13 7 
13 2 7 5 6 0 12 8 1 11 9 15 14 3 4 10 
14 10 15 6 13 4 0 11 9 2 7 1 5 12 3 8 
15 4 0 9 10 1 2 12 3 6 13 5 11 7 8 14 
