120
-2 -0.0 -0.0 -1.0 -0.0 2.0 -0.0 1.0 1.0 -0.0 1.0 0.6180339887498948 1.0 1.0 1.618033988749895 1.0 0.6180339887498948 1.618033988749895 -0.0 -0.0 1.0 -0.0 -1.0 -1.618033988749895 1.0 -5.551115123125783e-17 -0.0 1.618033988749895 1.0 1.618033988749895 -1.0 1.0 0.6180339887498949 -1.618033988749895 -0.0 -5.551115123125783e-17 -1.0 1.0 1.0 1.618033988749895 -5.551115123125783e-17 0.6180339887498949 -1.618033988749895 -5.551115123125783e-17 -0.0 1.618033988749895 0.6180339887498949 -0.0 1.0 1.618033988749895 1.0 -1.0 -0.6180339887498948 -1.0 -1.618033988749895 -1.0 -0.6180339887498948 -1.618033988749895 -1.0 -1.0 -0.6180339887498948 1.0 -0.6180339887498949 -1.0 -1.618033988749895 1.0 0.6180339887498948 0.6180339887498949 -0.6180339887498948 5.551115123125783e-17 -0.6180339887498948 -1.618033988749895 -0.6180339887498947 0.6180339887498948 -1.0 0.6180339887498949 -1.0 5.551115123125783e-17 -1.0 -1.618033988749895 -1.0 -1.618033988749895 1.0 1.0 1.618033988749895 -0.6180339887498949 5.551115123125783e-17 -1.0 -0.6180339887498949 -0.6180339887498949 0.6180339887498949 5.551115123125783e-17 -0.0 -1.0 -1.0 5.551115123125783e-17 -1.0 -0.0 -1.0 5.551115123125783e-17 1.618033988749895 5.551115123125783e-17 -0.6180339887498949 -0.6180339887498949 -1.618033988749895 -1.0 1.618033988749895 5.551115123125783e-17 5.551115123125783e-17 -0.0 1.0 -0.0 1.0 1.618033988749895 -1.618033988749895 0.6180339887498949 1.618033988749895 -1.618033988749895 -5.551115123125783e-17 0.6180339887498949
0 -0.0 -0.0 -0.0 -0.0 -0.0 -0.0 -0.0 -0.0 -0.0 -0.0 -0.0 -0.0 -0.0 -0.0 -0.0 -0.0 -0.0 -0.0 -0.0 -0.0 -0.0 -0.0 -0.0 -0.0 -0.0 -0.0 -0.0 -0.0 -0.0 -0.0 -0.0 -0.0 -0.0 -0.0 -0.0 -0.0 -0.0 -0.0 -0.0 -0.0 -0.0 -0.0 -0.0 -0.0 -0.0 -0.0 -0.0 -0.0 -0.0 -0.0 -0.0 -0.0 -0.0 -0.0 -0.0 -0.0 -0.0 -0.0 -0.0 -0.0 -0.0 -0.0 -0.0 -0.0 -0.0 -0.0 -0.0 -0.0 -0.0 -0.0 -0.0 -0.0 -0.0 -0.0 -0.0 -0.0 -0.0 -0.0 -0.0 -0.0 -0.0 -0.0 -0.0 -0.0 -0.0 5.551115123125783e-17 -0.0 -0.0 -0.0 -0.0 -0.0 -0.0 -0.0 -0.0 -0.0 -0.0 -5.551115123125783e-17 -0.0 -0.0 -0.0 -0.0 -0.0 -0.0 -0.0 -0.0 -0.0 -0.0 -0.0 -0.0 -0.0 -0.0 -0.0 -0.0 -0.0 -0.0 -0.0 -0.0 -0.0 -0.0
0 1 2 3 4 5 6 7 8 9 10 11 12 13 14 15 16 17 18 19 20 21 22 23 24 25 26 27 28 29 30 31 32 33 34 35 36 37 38 39 40 41 42 43 44 45 46 47 48 49 50 51 52 53 54 55 56 57 58 59 60 61 62 63 64 65 66 67 68 69 70 71 72 73 74 75 76 77 78 79 80 81 82 83 84 85 86 87 88 89 90 91 92 93 94 95 96 97 98 99 100 101 102 103 104 105 106 107 108 109 110 111 112 113 114 115 116 117 118 119 
1 5 6 7 8 18 19 20 21 2 22 23 10 24 25 26 27 28 0 9 30 51 36 52 53 54 55 56 57 11 3 58 59 60 61 62 12 31 32 63 64 65 66 67 15 68 69 70 71 40 72 4 29 76 77 44 104 105 87 88 106 92 107 81 108 103 45 99 42 102 109 96 94 33 34 35 13 14 85 97 95 110 111 100 48 112 113 37 38 43 78 79 74 114 115 82 84 116 41 89 93 117 118 98 16 17 73 75 49 119 39 80 90 101 83 50 91 86 46 47 
2 9 5 10 11 19 1 12 29 18 20 21 30 31 32 33 34 35 6 0 36 52 7 8 37 38 73 74 75 51 22 53 54 55 56 57 3 76 77 43 78 79 80 81 60 82 83 84 70 85 86 23 4 87 88 106 92 107 24 25 26 27 28 89 90 91 111 63 95 114 96 47 117 44 104 105 58 59 108 103 45 99 42 102 109 64 94 13 14 110 49 98 16 46 101 66 119 65 97 39 69 50 93 116 61 62 15 17 112 71 67 68 40 72 118 113 41 115 100 48 
3 12 7 13 14 20 36 37 38 10 24 25 31 5 39 40 41 27 22 30 53 54 87 88 6 89 90 91 92 32 58 18 63 64 65 56 76 19 43 21 93 35 94 51 85 50 44 95 68 69 70 59 77 0 81 108 103 104 2 99 112 116 61 23 118 28 113 11 117 33 42 80 71 78 79 74 9 67 114 62 115 4 72 15 82 102 109 1 110 52 46 57 98 55 119 86 66 17 105 8 73 47 26 107 97 34 49 16 83 111 29 101 100 48 60 84 75 96 106 45 
4 15 16 17 5 21 42 43 44 45 46 47 48 49 50 18 19 20 55 56 57 0 96 97 98 87 8 68 89 91 99 25 93 62 100 101 102 72 74 78 103 40 9 30 51 6 36 52 22 53 54 26 109 64 94 1 2 3 115 61 113 38 106 80 13 24 27 28 104 71 79 118 58 117 59 33 65 31 81 119 110 112 63 32 69 111 35 77 83 105 95 23 114 88 14 85 12 29 76 7 92 107 10 108 66 67 75 86 41 11 82 90 39 73 34 37 70 60 84 116 
5 18 19 20 21 0 9 30 51 6 36 52 22 53 54 55 56 57 1 2 3 4 12 29 76 77 44 104 105 23 7 87 88 106 92 107 10 58 59 81 108 103 45 99 26 42 102 109 96 64 94 8 11 13 14 15 16 17 37 38 73 74 75 110 49 98 68 89 66 118 119 84 115 60 61 62 24 25 112 116 82 39 80 93 71 90 101 31 32 67 85 97 34 83 50 111 48 91 65 43 114 86 46 41 27 28 33 35 40 47 63 95 78 117 100 72 79 113 69 70 
6 2 18 22 23 9 5 10 11 0 30 51 3 58 59 60 61 62 19 1 12 29 20 21 31 32 33 34 35 4 36 76 77 44 104 105 7 13 14 67 85 97 95 110 106 111 100 48 109 112 113 52 8 37 38 73 74 75 53 54 55 56 57 43 78 79 80 81 82 83 84 70 86 15 16 17 87 88 49 98 68 89 66 118 119 108 115 24 25 39 40 41 27 69 117 45 47 103 116 63 102 72 114 91 92 107 26 28 90 96 99 42 64 94 46 101 65 50 93 71 
7 10 20 24 25 30 12 31 32 22 53 54 58 18 63 64 65 56 36 3 76 77 37 38 19 43 78 79 74 59 87 0 81 108 103 104 13 9 67 51 114 62 115 4 112 72 15 82 42 102 109 88 14 1 110 49 98 16 6 89 90 91 92 52 46 57 101 23 86 60 66 95 96 85 97 34 2 99 83 107 50 8 94 26 111 118 119 5 39 29 69 105 41 44 47 113 45 28 17 21 33 70 55 75 116 61 40 27 100 80 11 117 93 71 106 48 35 84 73 68 
8 26 27 28 18 51 66 67 15 68 69 70 71 40 72 0 9 30 44 104 105 1 84 116 41 37 21 42 43 79 89 54 114 107 93 117 118 94 34 85 98 64 2 3 4 19 12 29 36 76 77 55 119 108 115 5 6 7 50 92 101 32 73 95 24 53 56 57 16 96 97 46 87 86 88 60 103 58 110 47 39 90 81 59 102 80 62 14 100 17 82 52 83 38 25 112 10 11 13 20 74 75 22 49 45 99 35 113 65 23 111 78 63 33 61 31 109 106 48 91 
9 19 1 12 29 6 0 36 52 5 7 8 20 37 38 73 74 75 2 18 22 23 3 4 87 88 106 92 107 21 10 24 25 26 27 28 30 53 54 89 90 91 111 63 33 95 114 96 47 78 117 11 51 58 59 60 61 62 13 14 15 16 17 99 112 116 82 39 80 93 71 119 101 55 56 57 31 32 64 65 66 67 68 69 70 40 72 76 77 81 108 103 104 118 113 42 109 41 79 110 46 115 100 97 34 35 44 105 85 48 43 45 49 50 102 86 98 94 83 84 
10 30 12 31 32 36 3 76 77 20 37 38 53 19 43 78 79 74 7 22 87 88 13 14 1 110 49 98 16 54 24 6 89 90 91 92 58 0 81 52 46 57 101 23 64 86 60 66 95 114 96 25 59 2 99 112 116 61 5 39 40 41 27 8 100 75 72 21 115 55 80 45 47 108 103 104 18 63 118 28 113 11 117 33 42 93 71 9 67 4 83 107 97 106 48 94 111 35 62 29 44 84 73 17 65 56 85 34 102 68 51 50 69 70 26 109 105 119 15 82 
11 33 34 35 19 52 80 81 60 82 83 84 70 85 86 6 0 36 106 92 107 2 119 65 97 13 29 95 110 98 39 38 46 28 69 50 93 117 104 108 116 78 18 22 23 1 3 4 7 87 88 73 71 90 101 9 5 10 113 27 72 77 15 45 31 37 74 75 61 47 103 100 24 115 25 55 91 53 99 48 67 40 89 54 114 68 57 59 102 62 66 8 118 14 32 64 30 51 58 12 16 17 20 112 111 63 105 94 79 21 42 49 43 44 56 76 96 26 109 41 
12 20 36 37 38 22 30 53 54 7 87 88 24 6 89 90 91 92 3 10 58 59 76 77 0 81 108 103 104 25 13 2 99 112 116 61 31 18 63 23 118 28 113 11 40 117 33 42 80 93 71 14 32 9 67 85 97 34 1 110 49 98 16 4 83 107 50 8 94 26 111 66 119 64 65 56 5 39 102 17 86 29 101 73 68 100 48 19 43 51 114 62 79 60 84 72 82 75 35 52 55 96 106 105 41 27 78 74 69 45 21 115 46 47 15 70 57 109 44 95 
13 31 37 5 39 53 76 19 43 24 6 89 18 20 21 93 35 91 87 58 0 81 1 110 36 52 46 57 98 63 2 22 23 118 28 103 9 30 51 54 55 56 119 59 102 70 85 86 117 33 42 99 67 3 4 83 107 97 7 8 100 75 116 88 106 92 48 25 96 64 94 115 80 114 62 79 10 11 60 61 84 14 71 40 72 26 111 12 29 77 44 104 105 108 45 109 113 27 34 38 78 95 90 16 17 65 69 41 15 101 32 47 73 68 112 82 74 66 49 50 
14 40 41 27 20 54 94 51 85 50 44 95 68 69 70 22 30 53 108 103 104 3 66 17 105 1 38 117 52 57 8 89 55 61 73 47 26 71 79 114 107 93 10 58 59 36 76 77 87 0 81 90 111 118 119 12 7 13 84 116 48 43 49 115 5 6 91 92 97 80 62 106 2 96 99 64 28 18 4 45 29 100 23 63 33 101 56 67 15 34 86 88 60 110 39 102 31 32 9 37 98 16 24 83 113 11 74 109 35 25 72 46 21 78 65 19 42 112 82 75 
15 21 42 43 44 55 56 57 0 16 96 97 46 98 87 8 68 89 4 45 99 26 102 109 64 94 1 2 3 47 17 115 61 113 38 106 48 25 93 80 13 24 27 28 18 104 71 79 118 103 58 5 91 65 31 51 66 67 77 83 75 114 86 112 41 108 6 7 9 10 11 12 14 62 100 101 49 50 111 29 85 82 90 92 22 39 73 72 74 30 81 119 59 34 37 63 69 70 40 105 88 60 84 76 19 20 117 33 53 116 78 110 95 107 32 54 23 35 36 52 
16 45 21 46 47 56 15 48 91 55 57 0 99 25 93 62 100 101 42 4 102 109 43 44 72 74 117 59 33 26 96 64 94 1 2 3 17 65 31 30 81 119 110 112 113 63 32 69 79 111 35 97 5 77 83 75 114 86 98 87 8 68 89 105 95 23 90 80 85 34 12 52 60 51 66 67 115 61 41 108 6 7 9 10 11 13 14 49 50 82 53 76 19 36 107 27 116 24 29 78 71 54 88 70 38 106 18 20 39 118 28 104 103 58 84 73 40 37 92 22 
17 48 43 49 50 57 102 72 74 46 98 87 25 21 78 103 40 68 96 99 64 94 77 83 42 105 95 23 114 93 115 55 80 13 24 2 65 56 30 0 88 101 14 26 111 54 51 85 104 71 79 61 31 4 112 41 108 66 16 7 39 70 38 97 84 89 73 47 60 62 9 110 118 81 119 59 45 28 34 106 37 5 58 18 63 10 11 15 82 109 36 3 76 1 116 35 27 20 67 44 117 52 8 86 29 100 53 19 32 90 91 107 92 22 113 69 33 12 75 6 
18 0 9 30 51 1 2 3 4 19 12 29 36 76 77 44 104 105 5 6 7 8 10 11 13 14 15 16 17 52 20 37 38 73 74 75 22 87 88 110 49 98 68 89 55 66 118 119 84 108 115 21 23 24 25 26 27 28 31 32 33 34 35 39 40 41 42 43 45 46 47 48 50 106 92 107 53 54 90 91 111 63 95 114 96 78 117 58 59 99 112 116 61 100 72 80 71 79 103 67 83 113 69 65 56 57 60 62 64 70 81 82 85 86 93 94 97 101 102 109 
19 6 0 36 52 2 18 22 23 1 3 4 7 87 88 106 92 107 9 5 10 11 30 51 58 59 60 61 62 8 12 13 14 15 16 17 20 24 25 99 112 116 82 39 73 80 93 71 119 90 101 29 21 31 32 33 34 35 76 77 44 104 105 67 85 97 95 110 111 100 48 109 113 26 27 28 37 38 40 41 42 43 45 46 47 49 50 53 54 63 64 65 56 102 86 68 70 98 91 81 118 94 83 79 74 75 55 57 78 84 89 66 108 115 69 117 103 72 114 96 
20 22 30 53 54 3 10 58 59 36 76 77 87 0 81 108 103 104 12 7 13 14 31 32 9 67 85 97 34 88 37 1 110 49 98 16 24 2 99 4 83 107 50 8 90 94 26 111 66 118 119 38 25 5 39 40 41 27 19 43 78 79 74 29 69 105 117 52 113 106 45 82 84 112 116 61 6 89 100 75 72 21 115 55 80 46 47 18 63 11 102 17 65 15 70 101 68 57 28 51 60 109 44 35 91 92 64 56 93 95 23 86 114 96 73 71 62 48 33 42 
21 55 56 57 0 4 45 99 26 42 102 109 96 64 94 1 2 3 15 16 17 5 48 91 65 31 51 66 67 97 43 77 83 75 114 86 46 115 61 112 41 108 6 7 8 9 10 11 12 13 14 44 47 49 50 18 19 20 72 74 117 59 33 82 53 76 104 105 27 84 116 69 37 113 38 106 98 87 39 70 63 78 110 88 118 95 107 25 93 28 111 29 100 32 54 90 22 23 24 30 34 35 36 40 68 89 62 101 103 52 80 85 81 60 92 58 119 73 71 79 
22 3 10 58 59 12 7 13 14 30 31 32 76 9 67 85 97 34 20 36 37 38 24 25 5 39 40 41 27 77 53 19 43 78 79 74 87 1 110 29 69 105 117 52 108 113 106 45 82 83 84 54 88 6 89 90 91 92 18 63 64 65 56 21 93 35 94 51 50 44 95 68 70 49 98 16 0 81 46 57 101 23 86 60 66 114 96 2 99 8 100 75 116 73 71 115 80 62 107 11 15 48 33 28 103 104 112 61 118 42 4 72 102 109 55 119 17 47 26 111 
23 60 61 62 9 29 95 110 106 111 100 48 109 112 113 19 1 12 73 74 75 6 47 103 116 24 11 82 39 41 63 32 69 57 102 72 114 86 16 49 91 85 0 36 52 5 7 8 20 37 38 33 96 78 117 2 18 22 101 56 94 14 26 68 58 31 34 35 92 70 98 93 53 50 54 44 79 76 89 71 99 64 43 77 83 42 105 88 118 107 45 21 46 25 59 108 3 4 87 10 27 28 30 90 80 81 17 115 97 51 66 40 67 15 104 13 84 55 119 65 
24 58 31 18 63 76 13 9 67 53 19 43 0 30 51 114 62 79 37 87 1 110 5 39 12 29 69 105 41 81 6 36 52 46 57 98 2 3 4 77 44 104 47 88 118 109 112 113 86 60 66 89 99 7 8 100 75 116 20 21 93 35 91 38 73 74 71 54 84 108 115 50 95 83 107 97 22 23 106 92 48 25 96 64 94 55 80 10 11 14 15 16 17 49 68 119 101 56 61 32 85 82 78 27 28 103 102 65 26 117 59 70 33 42 90 111 34 45 40 72 
25 64 65 56 30 77 115 4 112 72 15 82 42 102 109 36 3 76 49 98 16 7 45 28 17 5 32 86 29 105 21 43 44 92 33 70 55 96 97 83 75 114 22 87 88 12 13 14 37 1 110 78 80 46 47 10 20 24 48 91 71 67 40 50 18 19 79 74 116 95 107 73 6 84 89 108 57 0 8 68 11 93 52 81 60 117 104 99 26 61 113 38 106 39 63 118 58 59 2 31 41 27 53 100 101 23 34 119 62 54 94 69 51 85 103 9 66 90 111 35 
26 51 66 67 15 44 104 105 1 27 84 116 69 41 37 21 42 43 8 68 89 55 118 119 108 115 5 6 7 70 28 50 92 101 32 73 71 54 114 95 24 53 56 57 0 16 96 97 46 98 87 18 79 103 58 4 45 99 14 100 35 83 113 90 65 49 19 20 2 22 23 10 25 107 93 117 40 72 80 11 112 111 78 74 36 63 33 94 34 3 110 47 88 61 31 81 102 109 64 17 38 106 48 13 9 30 86 60 76 91 85 39 82 75 59 77 52 62 12 29 
27 68 51 69 70 104 26 71 79 44 105 1 89 54 114 107 93 117 66 8 118 119 67 15 94 34 86 88 60 55 84 108 115 5 6 7 28 103 58 3 110 47 39 90 101 81 59 102 97 80 62 116 18 14 100 35 83 113 41 37 21 42 43 17 82 52 78 95 112 61 10 29 106 4 45 99 50 92 65 49 19 20 2 22 23 24 25 40 72 111 76 13 9 12 75 56 91 53 11 85 96 77 38 109 32 73 0 30 63 46 57 16 98 87 48 33 64 31 74 36 
28 71 67 40 72 105 118 94 34 69 41 37 54 51 85 98 64 42 84 89 108 115 14 100 66 17 82 52 83 114 50 44 95 24 53 6 103 104 3 1 38 117 25 55 80 77 4 112 16 96 97 92 58 8 90 65 49 45 27 20 63 109 32 116 48 43 33 70 106 107 2 39 46 110 47 88 68 57 61 73 31 18 87 0 81 22 23 26 111 119 12 7 13 5 91 62 56 30 99 15 86 29 21 113 11 93 76 9 59 78 79 75 74 36 101 102 60 10 35 19 
29 73 74 75 6 23 111 63 33 95 114 96 47 78 117 2 18 22 60 61 62 9 109 41 79 76 52 80 81 103 110 88 118 17 46 115 100 101 56 64 97 90 5 10 11 0 30 51 3 58 59 106 48 112 113 19 1 12 86 16 50 54 44 66 37 87 92 107 34 119 65 83 13 94 14 26 116 24 67 84 43 49 99 25 93 45 28 32 69 35 42 4 102 77 38 40 20 21 31 36 104 105 7 85 82 39 57 72 91 8 68 108 89 55 27 53 71 15 70 98 
30 36 3 76 77 7 22 87 88 12 13 14 37 1 110 49 98 16 10 20 24 25 58 59 2 99 112 116 61 38 31 5 39 40 41 27 53 6 89 8 100 75 72 21 78 115 55 80 45 46 47 32 54 18 63 64 65 56 9 67 85 97 34 11 102 17 86 29 101 73 68 111 48 90 91 92 19 43 93 35 94 51 50 44 95 69 70 0 81 23 118 28 103 26 109 117 42 105 57 4 106 119 15 62 79 74 108 104 114 82 52 113 83 84 33 96 107 71 60 66 
31 53 76 19 43 87 58 0 81 37 1 110 6 36 52 46 57 98 13 24 2 99 9 67 3 4 83 107 97 89 5 7 8 100 75 116 18 22 23 88 106 92 48 25 93 96 64 94 115 55 80 39 63 10 11 102 17 65 12 29 69 105 41 14 15 16 70 38 119 90 101 113 45 118 28 103 20 21 26 27 109 32 47 78 117 73 68 30 51 59 60 61 62 112 82 71 72 74 56 77 108 66 49 34 35 91 114 79 33 50 54 84 44 95 40 42 104 111 85 86 
32 78 79 74 36 88 101 23 64 86 60 66 95 114 96 7 22 87 112 116 61 10 111 35 62 9 77 115 4 107 29 110 106 27 44 84 73 47 103 118 17 46 20 24 25 3 58 59 13 2 99 49 68 100 48 30 12 31 109 41 70 81 85 113 19 1 98 16 65 45 28 15 5 119 39 90 75 6 11 82 51 69 8 89 55 50 92 63 33 56 94 14 26 67 43 93 53 54 18 76 97 34 37 102 72 21 104 71 57 38 117 83 52 108 91 0 80 40 42 105 
33 52 80 81 60 106 92 107 2 34 119 65 83 97 13 29 95 110 11 82 39 73 93 71 90 101 9 5 10 84 35 113 27 72 77 15 70 38 46 45 31 37 74 75 6 61 47 103 100 116 24 19 98 91 53 23 111 63 59 102 105 118 94 40 79 112 1 12 18 20 21 30 32 28 69 50 85 86 68 51 64 42 49 16 7 43 44 117 104 22 99 48 25 56 76 89 114 96 78 62 14 26 109 58 0 36 115 55 87 41 108 67 66 17 54 88 8 57 3 4 
34 82 52 83 84 92 33 70 98 106 107 2 39 38 46 28 69 50 80 11 93 71 81 60 117 104 115 25 55 73 119 90 101 9 5 10 35 91 53 22 99 48 67 40 72 89 54 114 103 68 57 65 19 59 102 105 118 94 97 13 29 95 110 62 66 8 49 45 64 56 30 4 26 23 111 63 113 27 79 112 1 12 18 20 21 31 32 85 86 42 87 58 0 3 17 74 41 37 51 108 47 88 14 96 77 15 6 36 43 100 75 61 116 24 109 44 78 76 16 7 
35 70 81 85 86 107 93 117 104 83 97 13 38 52 108 116 78 95 119 39 90 101 59 102 80 62 66 8 118 46 113 106 45 31 37 5 91 92 22 2 14 50 32 73 68 88 23 64 61 47 103 27 53 11 40 79 112 111 34 12 43 96 77 65 109 110 44 84 26 28 18 67 100 99 48 25 82 75 56 15 76 19 24 6 89 20 21 33 42 71 3 10 58 9 41 57 74 36 63 60 115 4 29 94 51 69 87 0 54 49 98 17 16 7 72 114 55 30 105 1 
36 7 22 87 88 10 20 24 25 3 58 59 13 2 99 112 116 61 30 12 31 32 53 54 18 63 64 65 56 14 76 9 67 85 97 34 37 5 39 11 102 17 86 29 49 101 73 68 111 100 48 77 38 19 43 78 79 74 0 81 108 103 104 51 114 62 115 4 72 15 82 42 109 40 41 27 1 110 69 105 117 52 113 106 45 83 84 6 89 21 93 35 91 33 96 50 95 107 75 23 26 71 60 57 98 16 90 92 46 66 8 94 118 119 44 47 28 70 55 80 
37 24 53 6 89 58 31 18 63 87 0 81 2 22 23 118 28 103 76 13 9 67 19 43 30 51 114 62 79 99 1 3 4 83 107 97 5 10 11 59 60 61 84 14 100 71 40 72 94 26 111 110 39 12 29 69 105 41 36 52 46 57 98 77 44 104 47 88 109 112 113 86 66 102 17 65 7 8 15 16 70 38 119 90 101 106 45 20 21 32 33 34 35 85 95 48 50 92 27 54 64 42 108 74 75 116 93 91 73 115 25 96 55 80 49 68 56 82 78 117 
38 90 91 92 22 59 113 11 40 117 33 42 80 93 71 3 10 58 85 97 34 12 82 75 35 19 54 94 51 62 52 81 60 16 55 96 106 119 65 102 105 118 7 13 14 30 31 32 76 9 67 108 45 83 84 20 36 37 70 98 47 63 78 86 6 0 103 104 41 66 17 44 1 109 110 112 107 2 29 95 21 46 4 99 26 115 61 39 73 27 72 77 15 43 89 100 24 25 5 53 79 74 87 69 50 8 56 48 28 88 101 114 23 64 116 18 111 49 68 57 
39 93 35 91 53 81 119 59 102 70 85 86 117 33 42 87 58 0 83 107 97 13 113 27 34 12 43 96 77 104 38 52 108 116 78 95 90 80 62 60 16 55 24 2 99 76 9 67 1 3 4 46 101 106 45 31 37 5 82 75 68 51 69 84 20 36 57 98 17 115 61 49 7 66 8 118 92 22 14 50 32 73 88 23 64 47 103 11 40 65 109 110 112 29 21 26 18 63 10 19 105 41 6 15 48 25 79 111 56 89 71 44 54 114 28 30 94 100 72 74 
40 54 94 51 85 108 103 104 3 41 66 17 44 105 1 38 117 52 14 50 8 90 26 111 118 119 12 7 13 95 27 84 116 48 43 49 68 89 55 115 5 6 91 92 22 97 80 62 106 107 2 20 57 28 18 59 113 11 67 15 74 60 109 100 35 83 36 37 10 24 25 31 39 61 73 47 69 70 101 32 102 72 46 98 87 21 78 71 79 58 4 45 99 65 19 23 33 42 93 34 110 112 82 9 30 53 96 64 0 75 114 29 86 16 63 81 88 56 76 77 
41 50 54 44 95 103 40 68 57 108 104 3 8 89 55 61 73 47 94 14 26 111 51 85 71 79 96 99 64 90 66 118 119 12 7 13 27 28 18 58 4 45 29 100 48 23 63 33 62 101 56 17 20 67 15 74 60 109 105 1 38 117 52 34 86 88 46 115 102 65 31 77 112 59 113 11 84 116 35 83 36 37 10 24 25 5 39 69 70 72 0 9 30 76 16 91 75 6 32 114 80 81 110 42 43 49 22 53 21 106 92 97 107 2 82 78 93 19 98 87 
42 16 55 96 97 45 21 46 47 4 99 26 17 115 61 113 38 106 56 15 48 91 57 0 25 93 62 100 101 5 102 65 31 51 66 67 43 49 50 28 111 29 85 82 75 90 92 22 11 39 73 109 44 72 74 117 59 33 64 94 1 2 3 30 81 119 110 112 63 32 69 79 35 18 19 20 77 83 53 76 104 105 27 84 116 41 37 98 87 78 103 40 68 71 60 6 52 108 70 80 10 58 34 23 114 86 8 89 95 12 7 9 13 14 36 107 24 54 88 118 
43 46 57 98 87 99 48 25 93 96 64 94 115 55 80 13 24 2 102 17 65 31 72 74 56 30 81 119 59 61 77 4 112 41 108 66 49 45 28 26 34 106 37 5 39 58 18 63 9 10 11 83 50 15 82 53 76 19 42 105 95 23 114 109 36 3 107 97 35 113 27 85 12 111 29 100 16 7 32 86 54 44 14 8 90 84 116 21 78 91 71 67 40 51 52 73 6 89 20 0 62 79 1 33 70 38 103 68 92 110 47 60 88 118 75 22 101 69 117 104 
44 8 68 89 55 26 27 28 18 104 71 79 118 103 58 4 45 99 51 66 67 15 69 70 40 72 0 9 30 119 105 94 34 86 88 60 84 14 100 111 76 13 16 17 5 56 48 91 102 65 31 1 116 41 37 21 42 43 54 114 107 93 117 85 98 64 2 3 19 12 29 36 77 35 83 113 108 115 82 52 78 95 112 61 10 110 106 50 92 20 63 109 32 74 87 39 46 47 49 57 59 33 96 53 6 7 101 73 24 97 90 81 80 62 38 25 11 75 22 23 
45 56 15 48 91 42 4 102 109 21 43 44 57 72 74 117 59 33 16 55 96 97 17 5 77 83 75 114 86 0 46 98 87 8 68 89 99 64 94 105 95 23 90 80 62 85 34 12 52 81 60 47 26 115 61 113 38 106 49 50 18 19 20 7 39 70 63 78 110 88 118 116 107 1 2 3 25 93 13 24 27 28 104 71 79 103 58 65 31 112 41 108 66 84 73 9 11 40 119 82 36 37 92 29 100 101 51 67 111 22 30 6 53 54 10 35 76 14 32 69 
46 99 48 25 93 102 17 65 31 57 72 74 64 56 30 81 119 59 43 96 77 83 49 50 15 82 53 76 19 94 98 42 105 95 23 114 115 4 112 109 36 3 107 97 13 35 113 27 85 34 12 87 61 16 7 39 70 38 21 78 103 40 68 44 92 33 58 0 37 1 110 6 52 41 108 66 55 80 84 89 73 47 60 62 9 88 118 45 28 5 32 86 29 75 22 14 90 101 106 91 51 69 117 20 24 2 111 100 10 104 26 54 71 79 8 11 67 116 18 63 
47 62 100 101 56 109 110 112 113 63 32 69 79 111 35 42 4 102 75 114 86 16 116 24 29 49 91 85 82 76 78 74 36 89 71 54 88 60 66 41 70 81 55 96 97 15 17 5 43 77 83 117 118 95 107 45 21 46 73 68 58 31 18 6 25 72 59 33 38 52 108 92 98 37 87 1 23 64 7 22 28 103 105 94 34 104 3 61 10 106 27 44 84 50 93 13 99 26 115 48 19 20 57 39 90 80 67 14 119 0 9 53 30 51 2 65 12 8 11 40 
48 57 102 72 74 96 99 64 94 43 77 83 98 42 105 95 23 114 17 46 115 61 65 31 4 112 41 108 66 87 49 16 7 39 70 38 25 55 80 97 84 89 73 47 103 60 62 9 110 88 118 50 93 45 28 111 29 100 15 82 53 76 19 5 32 86 54 44 14 8 90 27 116 13 24 2 21 78 10 20 35 91 107 117 104 92 22 56 30 26 34 106 119 113 69 58 63 33 101 109 1 12 75 67 40 68 81 59 71 6 0 37 36 52 18 79 3 11 51 85 
49 25 72 21 78 64 65 56 30 98 42 105 55 57 0 88 101 23 77 115 4 112 15 82 102 109 36 3 76 80 16 96 97 84 89 108 45 99 26 94 1 2 116 61 10 79 111 35 60 62 9 7 28 17 5 32 86 29 43 44 92 33 70 83 75 114 22 87 12 13 14 37 110 34 106 119 46 47 113 38 69 50 118 103 58 8 90 48 91 31 51 66 67 41 6 11 73 68 100 74 81 85 95 19 20 24 71 40 18 107 93 52 117 104 39 63 59 27 53 54 
50 103 40 68 57 94 14 26 111 54 51 85 104 71 79 96 99 64 41 108 66 17 27 20 67 15 74 60 109 3 44 105 1 38 117 52 8 118 119 34 86 88 46 115 61 102 65 31 77 4 112 95 90 84 116 48 43 49 69 70 22 30 53 37 21 42 23 114 29 110 106 75 16 12 7 13 89 55 5 6 91 92 97 80 62 107 2 28 18 100 35 83 113 82 78 10 25 93 45 72 76 19 98 32 73 47 59 11 101 87 58 36 0 81 24 56 9 39 63 33 
51 44 104 105 1 8 68 89 55 66 118 119 84 108 115 5 6 7 26 27 28 18 71 79 103 58 4 45 99 116 67 14 100 35 83 113 69 50 92 90 65 49 19 20 21 2 22 23 10 24 25 15 70 40 72 0 9 30 94 34 86 88 60 111 76 13 16 17 56 48 91 102 31 101 32 73 41 37 63 109 81 85 39 38 46 82 75 54 114 57 80 11 93 59 77 78 36 52 53 3 61 62 12 64 42 43 107 117 98 29 95 112 110 106 74 87 47 33 96 97 
52 106 92 107 2 11 82 39 73 80 93 71 119 90 101 9 5 10 33 34 35 19 70 98 91 53 23 111 63 65 81 59 102 105 118 94 83 113 27 40 79 112 1 12 29 18 20 21 30 31 32 60 84 85 86 6 0 36 117 104 115 25 55 42 87 58 61 62 74 109 41 114 76 72 77 15 97 13 43 96 89 108 67 14 100 66 17 38 46 75 68 51 69 54 88 49 7 8 37 22 56 57 3 78 95 110 28 50 116 4 45 64 99 26 16 24 48 44 47 103 
53 87 58 0 81 13 24 2 99 76 9 67 1 3 4 83 107 97 31 37 5 39 18 63 10 11 102 17 65 110 19 12 29 69 105 41 6 7 8 14 15 16 70 38 46 119 90 101 113 106 45 43 89 20 21 93 35 91 30 51 114 62 79 32 33 34 96 77 48 49 50 72 82 100 75 116 36 52 73 74 71 54 84 108 115 44 95 22 23 25 26 27 28 40 42 47 117 104 92 59 112 111 85 56 57 98 118 103 55 86 88 109 60 66 78 80 61 68 64 94 
54 108 103 104 3 14 50 8 90 94 26 111 66 118 119 12 7 13 40 41 27 20 68 57 28 18 59 113 11 17 51 67 15 74 60 109 44 84 116 100 35 83 36 37 38 10 24 25 31 5 39 85 95 69 70 22 30 53 71 79 96 99 64 72 0 9 97 34 91 82 75 33 19 48 43 49 105 1 21 42 23 114 29 110 106 86 16 89 55 92 101 32 73 63 81 46 87 88 6 58 65 56 76 93 117 52 61 47 107 77 115 102 4 112 98 2 45 78 80 62 
55 4 45 99 26 15 16 17 5 56 48 91 102 65 31 51 66 67 21 42 43 44 46 47 49 50 18 19 20 109 57 72 74 117 59 33 96 77 83 82 53 76 104 105 1 27 84 116 69 41 37 0 97 98 87 8 68 89 25 93 62 100 101 78 103 40 9 30 6 36 52 22 54 75 114 86 64 94 95 23 90 80 85 34 12 81 60 115 61 7 39 70 38 92 58 110 118 119 108 28 32 73 71 24 2 3 113 106 13 79 112 63 111 35 88 14 29 107 10 11 
56 42 4 102 109 16 55 96 97 15 17 5 43 77 83 75 114 86 45 21 46 47 99 26 115 61 113 38 106 44 48 49 50 18 19 20 57 98 87 7 39 70 63 78 117 110 88 118 116 95 107 91 0 25 93 62 100 101 65 31 51 66 67 28 111 29 85 82 90 92 22 11 73 8 68 89 72 74 103 40 9 30 6 36 52 53 54 64 94 80 13 24 2 10 35 104 79 76 23 112 84 14 32 119 59 33 1 3 81 69 105 27 41 37 71 60 108 58 34 12 
57 96 99 64 94 17 46 115 61 102 65 31 77 4 112 41 108 66 48 43 49 50 25 93 45 28 111 29 100 83 72 15 82 53 76 19 98 16 7 5 32 86 54 44 95 14 8 90 27 84 116 74 87 21 78 103 40 68 56 30 81 119 59 91 71 67 60 109 73 75 6 63 69 39 70 38 42 105 92 33 58 0 37 1 110 36 52 55 80 47 10 20 24 18 79 107 104 3 89 26 113 11 51 101 23 114 13 2 88 85 97 35 34 12 117 118 106 22 62 9 
58 76 13 9 67 37 87 1 110 31 5 39 19 12 29 69 105 41 24 53 6 89 2 99 7 8 100 75 116 43 18 20 21 93 35 91 0 36 52 38 73 74 71 54 114 84 108 115 50 44 95 63 81 22 23 118 28 103 10 11 102 17 65 25 26 27 109 32 47 78 117 101 68 46 57 98 30 51 55 56 119 59 70 85 86 33 42 3 4 88 106 92 107 90 111 96 94 34 104 14 49 45 40 61 62 79 83 97 60 72 77 48 15 82 64 66 16 80 112 113 
59 85 97 34 12 38 117 52 108 113 106 45 82 83 84 20 36 37 90 91 92 22 80 62 107 2 14 50 8 75 11 39 73 56 15 48 33 70 98 46 28 69 30 53 54 7 87 88 24 6 89 40 42 93 71 3 10 58 119 65 109 110 112 101 9 5 41 27 103 68 57 26 18 47 63 78 35 19 23 111 4 102 21 43 44 72 74 81 60 104 115 25 55 99 67 114 76 77 0 13 116 61 31 118 94 51 16 96 105 32 86 100 29 49 79 1 95 64 66 17 
60 29 95 110 106 73 74 75 6 61 47 103 100 116 24 11 82 39 23 111 63 33 114 96 78 117 2 18 22 48 62 101 56 94 14 26 109 32 69 68 58 31 34 35 19 92 70 98 93 91 53 9 41 79 76 52 80 81 88 118 17 46 115 64 97 90 5 10 0 30 51 3 59 57 102 72 112 113 42 4 108 66 40 27 20 67 15 86 16 36 89 71 54 104 13 43 83 84 85 107 25 55 119 87 1 12 50 44 37 65 49 99 45 28 77 38 21 105 7 8 
61 111 29 100 48 74 60 109 41 73 75 6 63 32 69 57 102 72 95 23 114 96 110 106 86 16 50 54 44 33 47 78 117 2 18 22 62 79 76 36 89 71 99 64 94 43 77 83 98 42 105 103 9 88 118 17 46 115 116 24 11 82 39 107 45 21 40 68 108 104 3 8 55 52 80 81 101 56 97 90 5 10 0 30 51 58 59 112 113 66 37 87 1 7 28 34 65 31 4 49 70 38 25 84 14 26 19 12 67 93 35 92 91 53 119 15 85 13 27 20 
62 109 110 112 113 75 114 86 16 100 116 24 32 29 49 91 85 82 47 63 78 117 88 118 95 107 45 21 46 69 101 73 68 58 31 18 79 74 36 6 25 72 59 33 42 38 52 108 92 70 98 56 76 23 64 97 90 80 61 10 67 84 14 103 119 39 15 48 55 57 0 99 93 89 71 54 111 35 104 26 13 9 53 19 43 30 51 60 66 96 7 22 87 2 65 105 34 12 81 106 50 8 11 115 4 102 37 1 77 40 41 28 27 20 94 83 44 3 17 5 
63 114 62 79 76 110 47 88 118 109 112 113 86 60 66 37 87 1 100 75 116 24 101 56 61 10 67 84 14 16 32 29 49 91 85 82 78 95 107 106 27 44 53 6 89 13 2 99 5 7 8 69 117 73 68 58 31 18 111 35 42 4 102 48 30 12 105 41 28 50 92 40 20 45 21 46 74 36 25 72 59 33 38 52 108 70 98 23 64 103 119 39 90 11 51 55 0 81 22 9 17 65 19 26 71 54 97 80 104 43 96 15 77 83 57 3 115 93 94 34 
64 77 115 4 112 49 98 16 7 65 45 28 15 17 5 32 86 29 25 72 21 78 55 80 46 47 10 20 24 82 56 48 91 71 67 40 42 43 44 50 18 19 79 74 36 116 95 107 73 75 6 30 105 57 0 88 101 23 99 26 34 106 119 93 62 100 12 31 22 53 54 58 63 92 33 70 102 109 117 59 118 94 69 41 37 51 85 96 97 87 8 68 89 103 9 52 60 66 114 61 39 90 111 2 3 76 84 108 1 35 83 11 113 27 81 110 38 104 13 14 
65 72 77 15 82 98 64 42 105 49 16 7 21 43 44 92 33 70 115 25 55 80 4 112 96 97 84 89 108 78 45 46 47 10 20 24 56 57 0 87 8 68 11 93 71 52 81 60 107 117 104 28 30 99 26 34 106 119 17 5 32 86 29 61 113 38 69 50 118 103 58 14 90 88 101 23 48 91 62 100 12 31 22 53 54 18 63 102 109 94 1 2 3 13 27 79 35 19 59 83 95 110 39 66 67 40 36 76 51 73 74 116 75 6 111 85 114 9 41 37 
66 27 44 84 116 68 51 69 70 8 89 55 28 50 92 101 32 73 104 26 71 79 105 1 54 114 107 93 117 18 118 103 58 4 45 99 67 40 72 57 80 11 112 111 35 78 74 36 23 63 33 119 15 94 34 86 88 60 108 115 5 6 7 3 110 47 39 90 81 59 102 97 62 0 9 30 14 100 76 13 16 17 56 48 91 65 31 41 37 85 98 64 42 96 106 19 29 49 109 95 22 87 61 52 83 113 21 43 82 10 20 2 24 25 12 75 53 77 38 46 
67 69 105 41 37 89 71 54 114 84 108 115 50 44 95 24 53 6 118 28 103 58 94 34 104 3 110 47 88 92 14 8 90 65 49 45 40 68 57 55 61 73 31 18 63 87 0 81 2 22 23 100 72 26 111 76 13 9 66 17 82 52 83 119 12 7 75 116 62 101 56 112 10 80 11 93 27 20 59 113 77 15 25 21 78 48 91 51 85 79 96 99 64 4 29 33 19 43 30 1 107 97 5 60 109 32 98 42 74 39 70 106 38 46 35 36 117 102 86 16 
68 104 26 71 79 66 8 118 119 51 67 15 105 94 34 86 88 60 27 44 84 116 28 18 14 100 35 83 113 1 69 41 37 21 42 43 89 108 115 17 82 52 78 95 107 112 61 10 29 110 106 70 55 50 92 101 32 73 40 72 0 9 30 20 63 109 81 85 39 38 46 91 75 5 6 7 54 114 24 53 56 57 16 96 97 98 87 103 58 90 65 49 45 48 33 2 23 64 47 111 12 31 74 11 93 117 4 99 80 36 3 19 76 77 22 62 13 25 59 102 
69 89 71 54 114 118 28 103 58 105 94 34 108 104 3 110 47 88 67 84 14 100 40 72 26 111 76 13 9 115 41 66 17 82 52 83 50 8 90 119 12 7 75 116 24 62 101 56 112 61 10 37 92 27 20 63 109 32 51 85 98 64 42 15 74 60 87 1 31 5 39 19 29 65 49 45 44 95 48 43 33 70 106 107 2 38 46 68 57 18 59 113 11 35 36 25 78 117 73 79 4 102 86 30 53 6 80 93 22 16 55 77 96 97 21 23 99 91 0 81 
70 107 93 117 104 119 39 90 101 81 59 102 97 80 62 66 8 118 35 83 113 27 91 53 11 40 79 112 111 13 85 34 12 43 96 77 38 106 45 65 109 110 44 84 116 26 28 18 67 14 100 86 46 82 75 68 51 69 33 42 87 58 0 19 54 94 88 60 32 29 49 74 41 31 37 5 52 108 20 36 57 98 17 115 61 16 7 92 22 73 56 15 48 72 114 24 89 55 50 71 9 30 105 63 78 95 99 25 47 1 2 76 3 4 6 103 10 21 23 64 
71 105 118 94 34 84 89 108 115 67 14 100 41 66 17 82 52 83 28 69 50 92 103 58 8 90 65 49 45 37 40 27 20 63 109 32 54 44 95 116 48 43 33 70 98 106 107 2 39 38 46 72 114 68 57 80 11 93 26 111 76 13 9 18 59 113 77 15 25 21 78 56 91 24 53 6 51 85 22 30 62 79 75 86 16 74 36 104 3 55 61 73 47 101 102 87 81 60 117 119 5 10 35 99 64 42 110 88 96 19 1 31 12 29 0 97 7 23 4 112 
72 98 64 42 105 115 25 55 80 77 4 112 16 96 97 84 89 108 65 49 45 28 56 30 99 26 34 106 119 7 15 17 5 32 86 29 21 46 47 61 113 38 69 50 92 118 103 58 14 8 90 82 78 48 91 71 67 40 102 109 36 3 76 31 51 66 52 83 11 39 73 35 27 10 20 24 43 44 18 19 79 74 116 95 107 75 6 57 0 93 62 100 101 111 85 22 54 114 68 94 13 9 41 59 33 70 88 23 117 37 87 12 1 110 53 104 2 63 81 60 
73 23 111 63 33 60 61 62 9 74 109 41 114 79 76 52 80 81 29 95 110 106 100 48 112 113 19 1 12 96 75 86 16 50 54 44 47 88 118 66 37 87 92 107 2 34 119 65 83 97 13 6 103 116 24 11 82 39 32 69 57 102 72 49 91 85 0 36 5 7 8 20 38 17 46 115 78 117 45 21 40 68 108 104 3 89 55 101 56 10 67 84 14 27 53 99 93 71 90 35 77 15 70 31 18 22 94 26 58 98 64 43 42 105 25 59 4 28 30 51 
74 95 23 114 96 61 73 47 103 60 62 9 110 88 118 17 46 115 111 29 100 48 63 33 101 56 94 14 26 106 109 112 113 19 1 12 75 116 24 10 67 84 43 49 50 99 25 93 65 45 28 41 6 32 69 57 102 72 79 76 52 80 81 35 42 4 108 66 40 27 20 51 15 11 82 39 86 16 91 85 0 36 5 7 8 37 38 78 117 68 58 31 18 30 105 92 98 87 21 64 119 59 77 71 54 44 2 22 89 83 107 34 97 13 70 55 90 53 104 3 
75 47 63 78 117 62 100 101 56 114 79 76 88 23 64 97 90 80 109 110 112 113 32 69 111 35 42 4 102 118 86 60 66 37 87 1 116 61 10 9 77 115 38 106 45 59 11 40 34 119 65 16 24 29 49 91 85 82 74 36 89 71 54 41 70 81 55 96 15 17 5 43 83 67 84 14 95 107 27 44 53 6 13 2 99 7 8 73 68 48 30 12 31 19 98 28 92 22 39 33 94 51 52 72 21 46 58 18 25 108 103 105 104 3 50 93 26 20 57 0 
76 37 87 1 110 24 53 6 89 13 2 99 5 7 8 100 75 116 58 31 18 63 0 81 22 23 118 28 103 39 9 10 11 102 17 65 19 20 21 25 26 27 109 32 69 47 78 117 101 73 68 67 43 30 51 114 62 79 3 4 83 107 97 59 60 61 84 14 71 40 72 94 111 93 35 91 12 29 33 34 96 77 48 49 50 15 82 36 52 54 55 56 57 64 66 70 86 16 74 88 90 80 112 104 105 41 46 98 44 113 38 119 106 45 85 95 92 42 108 115 
77 49 98 16 7 25 72 21 78 115 55 80 45 46 47 10 20 24 64 65 56 30 42 105 57 0 88 101 23 28 4 99 26 34 106 119 15 48 91 93 62 100 12 31 32 22 53 54 58 18 63 112 82 102 109 36 3 76 96 97 84 89 108 94 1 2 116 61 79 111 35 60 9 71 67 40 17 5 51 66 52 83 11 39 73 113 27 43 44 74 117 59 33 81 110 69 37 38 19 87 103 104 13 114 86 29 92 70 75 14 50 118 8 90 41 6 68 85 95 107 
78 88 101 23 64 112 116 61 10 79 111 35 60 62 9 77 115 4 32 86 29 49 73 68 100 48 30 12 31 66 74 109 41 70 81 85 95 110 106 113 19 1 98 16 7 65 45 28 15 17 5 36 107 75 6 25 72 21 63 33 104 26 71 69 57 102 3 76 20 37 38 53 43 27 44 84 114 96 50 54 93 117 83 97 13 52 108 47 103 24 11 82 39 91 0 8 55 80 46 56 67 40 42 18 22 87 119 90 2 105 118 51 94 34 89 99 14 92 58 59 
79 86 88 60 66 116 78 95 107 112 61 10 29 110 106 27 44 84 101 32 73 68 23 64 47 103 119 39 90 49 111 100 48 30 12 31 74 75 6 24 11 82 51 69 70 8 89 55 28 50 92 35 36 63 33 104 26 71 62 9 77 115 4 56 94 14 83 113 93 91 53 59 40 25 72 21 109 41 57 102 3 76 20 37 38 19 43 114 96 117 2 18 22 58 34 98 105 1 54 118 45 99 67 80 81 85 7 87 52 15 16 65 17 5 42 108 46 0 97 13 
80 34 106 119 65 82 52 83 84 11 39 73 35 113 27 72 77 15 92 33 70 98 107 2 38 46 28 69 50 19 93 91 53 23 111 63 81 85 86 75 68 51 64 42 105 49 16 7 21 43 44 71 60 117 104 115 25 55 90 101 9 5 10 22 99 48 67 40 89 54 114 103 57 6 0 36 59 102 87 58 61 62 74 109 41 79 76 97 13 108 116 78 95 47 26 1 4 112 96 45 20 24 56 8 118 94 29 110 66 30 12 18 31 32 3 17 37 88 14 100 
81 83 107 97 13 39 70 38 46 119 90 101 113 106 45 31 37 5 93 35 91 53 117 104 92 22 99 48 25 27 59 11 40 79 112 111 85 82 75 73 56 15 76 19 43 24 6 89 18 20 21 102 86 33 42 87 58 0 80 62 66 8 118 71 3 10 17 65 57 72 74 64 30 68 51 69 34 12 54 94 88 60 32 29 49 109 41 52 108 98 47 63 78 23 4 44 1 110 36 2 28 103 9 55 96 77 116 95 16 67 84 26 14 100 105 7 50 114 115 61 
82 92 33 70 98 80 11 93 71 52 81 60 107 117 104 115 25 55 34 106 119 65 35 19 59 102 105 118 94 2 83 97 13 29 95 110 39 90 101 62 66 8 49 45 28 64 56 30 4 99 26 84 73 113 27 72 77 15 85 86 6 0 36 12 43 96 89 108 67 14 100 41 17 9 5 10 38 46 31 37 74 75 61 47 103 116 24 91 53 40 79 112 111 109 44 18 21 78 48 42 3 76 16 51 69 50 23 63 68 7 22 1 87 88 20 57 58 32 54 114 
83 39 70 38 46 93 35 91 53 107 117 104 90 92 22 99 48 25 81 119 59 102 85 86 33 42 87 58 0 101 97 80 62 66 8 118 113 11 40 71 3 10 17 65 31 57 72 74 64 56 30 13 27 34 12 43 96 77 52 108 116 78 95 60 16 55 24 2 76 9 67 1 4 79 112 111 106 45 109 110 44 84 26 28 18 14 100 82 75 19 54 94 51 105 7 32 49 50 15 98 23 114 115 36 37 5 68 69 20 61 73 88 47 103 29 21 63 41 6 89 
84 28 69 50 92 71 67 40 72 89 54 114 103 68 57 80 11 93 105 118 94 34 41 37 51 85 98 64 42 58 108 104 3 110 47 88 14 26 111 79 96 99 106 119 65 33 35 19 81 59 102 115 100 66 17 82 52 83 44 95 24 53 6 1 38 117 25 55 77 4 112 16 97 76 13 9 8 90 12 7 75 116 62 101 56 61 10 27 20 15 74 60 109 86 46 31 39 73 113 70 0 36 107 43 49 45 63 32 48 2 18 87 22 23 5 91 30 29 21 78 
85 38 117 52 108 90 91 92 22 97 80 62 106 107 2 14 50 8 59 113 11 40 33 42 93 71 3 10 58 45 34 119 65 109 110 112 82 39 73 101 9 5 41 27 20 103 68 57 26 28 18 12 75 35 19 54 94 51 81 60 16 55 96 102 105 118 7 13 30 31 32 76 67 56 15 48 83 84 72 77 114 86 100 116 24 29 49 70 98 53 23 111 63 79 1 21 44 95 69 104 99 64 66 0 36 37 47 78 6 17 46 4 115 61 43 89 25 74 87 88 
86 116 78 95 107 101 32 73 68 88 23 64 61 47 103 119 39 90 79 112 111 35 74 36 63 33 104 26 71 10 60 62 9 77 115 4 29 100 48 56 94 14 83 113 27 93 91 53 59 11 40 66 49 109 41 70 81 85 114 96 7 22 87 76 52 80 8 118 51 67 15 105 34 30 12 31 110 106 19 1 98 16 65 45 28 17 5 75 6 69 57 102 72 42 108 20 38 46 82 117 58 0 97 54 44 84 25 21 50 13 24 3 2 99 37 92 18 43 89 55 
87 13 24 2 99 31 37 5 39 58 18 63 9 10 11 102 17 65 53 76 19 43 6 89 20 21 93 35 91 67 0 30 51 114 62 79 1 12 29 32 33 34 96 77 83 48 49 50 72 15 82 81 110 36 52 46 57 98 22 23 118 28 103 54 55 56 119 59 70 85 86 117 42 69 105 41 3 4 44 104 47 88 109 112 113 60 66 7 8 38 73 74 75 78 80 84 115 61 16 25 40 68 64 92 107 97 100 116 106 94 14 71 26 111 108 45 27 95 90 101 
88 112 116 61 10 32 86 29 49 101 73 68 111 100 48 30 12 31 78 79 74 36 95 107 75 6 25 72 21 35 23 63 33 104 26 71 60 109 41 69 57 102 3 76 77 20 37 38 53 19 43 64 66 114 96 7 22 87 47 103 119 39 90 117 2 18 65 56 98 42 105 55 0 70 81 85 62 9 52 80 8 118 51 67 15 94 34 110 106 16 50 54 44 89 99 83 13 14 1 24 91 92 58 46 115 4 27 84 17 59 113 93 11 40 97 5 82 108 45 28 
89 118 28 103 58 67 84 14 100 71 40 72 94 26 111 76 13 9 69 105 41 37 50 92 27 20 63 109 32 34 54 51 85 98 64 42 108 66 17 15 74 60 87 1 110 31 5 39 19 12 29 114 115 44 95 24 53 6 68 57 80 11 93 70 22 30 62 79 75 86 16 78 36 82 52 83 104 3 38 117 25 55 77 4 112 96 97 8 90 116 48 43 49 21 23 106 2 99 7 18 35 91 0 73 47 88 65 45 61 81 119 33 59 102 107 10 113 46 101 56 
90 59 113 11 40 85 97 34 12 91 82 75 33 35 19 54 94 51 38 117 52 108 106 45 83 84 20 36 37 42 92 70 98 47 63 78 80 81 60 86 6 0 103 104 3 41 66 17 44 105 1 22 62 107 2 14 50 8 39 73 56 15 48 46 28 69 30 53 7 87 88 24 89 16 55 96 93 71 115 25 100 101 114 79 76 23 64 119 65 13 29 95 110 116 18 4 26 111 118 27 43 49 68 5 10 58 109 112 9 57 102 21 72 74 99 67 77 61 31 32 
91 117 59 33 42 97 90 80 62 85 34 12 52 81 60 16 55 96 113 38 106 45 11 40 119 65 109 110 112 108 82 83 84 20 36 37 92 107 2 13 29 95 21 46 47 4 99 26 17 115 61 75 22 39 73 56 15 48 35 19 54 94 51 27 72 77 114 86 100 116 24 32 49 14 50 8 70 98 28 69 30 53 7 87 88 6 89 93 71 101 9 5 10 31 74 103 57 0 25 102 66 67 43 111 63 78 3 58 23 44 104 41 105 1 68 64 118 18 79 76 
92 80 11 93 71 34 106 119 65 33 35 19 81 59 102 105 118 94 82 52 83 84 39 73 113 27 72 77 15 60 70 85 86 6 0 36 107 97 13 12 43 96 89 108 115 67 14 100 41 66 17 98 2 38 46 28 69 50 91 53 23 111 63 75 68 51 64 42 49 16 7 21 44 29 95 110 117 104 116 78 18 22 1 3 4 87 88 90 101 45 31 37 5 20 57 61 103 58 8 40 109 32 54 48 25 55 9 10 99 114 62 74 79 76 47 26 112 24 56 30 
93 81 119 59 102 83 107 97 13 35 113 27 85 34 12 43 96 77 39 70 38 46 90 101 106 45 31 37 5 86 91 82 75 68 51 69 117 52 108 84 20 36 57 98 87 17 115 61 49 16 7 53 104 92 22 99 48 25 11 40 79 112 111 73 56 15 76 19 24 6 89 18 21 116 78 95 33 42 47 63 26 71 44 105 1 54 114 80 62 2 14 50 8 28 30 88 64 94 55 65 29 100 72 10 58 0 66 118 3 74 60 32 109 41 23 4 110 103 9 67 
94 41 108 66 17 50 54 44 95 14 8 90 27 84 116 48 43 49 103 40 68 57 104 3 89 55 61 73 47 20 26 28 18 59 113 11 51 69 70 92 101 32 102 72 74 46 98 87 25 21 78 111 85 71 79 96 99 64 118 119 12 7 13 58 4 45 29 100 23 63 33 62 56 22 30 53 67 15 0 9 97 34 91 82 75 35 19 105 1 114 107 93 117 80 112 36 77 83 42 115 24 2 65 88 60 109 38 52 86 31 37 10 5 39 76 16 6 81 110 106 
95 61 73 47 103 111 29 100 48 23 63 33 62 101 56 94 14 26 74 60 109 41 75 6 32 69 57 102 72 9 114 79 76 52 80 81 110 112 113 35 42 4 108 66 17 40 27 20 51 67 15 96 106 86 16 50 54 44 78 117 2 18 22 36 89 71 99 64 43 77 83 98 105 19 1 12 88 118 37 87 92 107 34 119 65 97 13 116 24 49 91 85 82 70 55 5 8 90 84 68 30 53 104 21 46 115 11 39 45 3 10 0 58 59 7 28 31 38 25 93 
96 17 46 115 61 48 43 49 50 99 25 93 65 45 28 111 29 100 57 102 72 74 98 87 21 78 103 40 68 31 64 56 30 81 119 59 77 15 82 91 71 67 60 109 41 73 75 6 63 32 69 94 83 42 105 95 23 114 55 80 13 24 2 0 88 101 14 26 54 51 85 104 79 53 76 19 4 112 36 3 107 97 35 113 27 34 12 16 7 44 92 33 70 117 118 37 110 106 86 47 18 22 62 89 108 66 39 38 84 9 5 58 10 11 1 116 20 52 8 90 
97 113 38 106 45 91 85 82 75 90 92 22 11 39 73 56 15 48 117 59 33 42 52 108 70 98 47 63 78 40 80 93 71 3 10 58 34 35 19 53 23 111 4 102 109 21 43 44 57 72 74 62 12 81 60 16 55 96 107 2 14 50 8 104 115 25 100 101 114 79 76 88 64 54 94 51 119 65 105 118 7 13 30 31 32 9 67 83 84 86 6 0 36 87 61 41 17 5 77 46 68 89 99 95 110 112 20 37 29 26 27 103 28 18 66 49 69 1 116 24 
98 115 25 55 80 65 49 45 28 64 56 30 4 99 26 34 106 119 72 77 15 82 21 78 48 91 71 67 40 112 42 102 109 36 3 76 16 17 5 31 51 66 52 83 84 11 39 73 35 113 27 105 7 43 44 92 33 70 57 0 88 101 23 74 117 59 118 94 69 41 37 54 85 32 86 29 96 97 75 114 22 87 12 13 14 1 110 46 47 50 18 19 20 53 104 116 107 2 38 93 111 63 81 68 89 108 10 24 8 60 61 79 62 9 95 90 100 6 103 58 
99 102 17 65 31 43 96 77 83 48 49 50 72 15 82 53 76 19 46 57 98 87 115 61 16 7 39 70 38 74 25 21 78 103 40 68 64 42 105 44 92 33 58 0 81 37 1 110 6 36 52 93 94 55 80 13 24 2 45 28 111 29 100 47 10 20 35 91 107 117 104 90 22 95 23 114 56 30 88 101 14 26 54 51 85 71 79 4 112 97 84 89 108 8 11 60 9 67 3 5 75 116 18 106 119 59 41 66 34 63 109 73 32 69 62 12 86 118 113 27 
100 63 109 32 69 114 62 79 76 75 86 16 78 74 36 89 71 54 110 47 88 118 112 113 60 66 37 87 1 117 116 95 107 45 21 46 101 23 64 96 7 22 28 103 58 105 94 34 108 104 3 24 56 61 10 67 84 14 29 49 91 85 82 106 27 44 53 6 13 2 99 5 8 97 90 80 73 68 119 39 15 48 55 57 0 25 93 111 35 9 77 115 4 17 20 59 40 72 26 41 52 83 50 12 31 18 42 102 30 92 33 38 70 98 11 51 81 65 19 43 
101 79 112 111 35 86 88 60 66 32 29 49 74 109 41 70 81 85 116 78 95 107 61 10 110 106 27 44 84 36 73 75 6 25 72 21 23 114 96 16 50 54 93 117 104 83 97 13 38 52 108 68 64 47 103 119 39 90 100 48 30 12 31 24 11 82 51 69 8 89 55 28 92 7 22 87 63 33 2 18 65 56 98 42 105 57 0 62 9 118 17 46 115 45 40 3 59 102 80 113 37 5 91 14 26 71 77 4 94 53 76 20 19 43 58 34 1 99 67 15 
102 43 96 77 83 46 57 98 87 17 115 61 49 16 7 39 70 38 99 48 25 93 64 94 55 80 13 24 2 50 65 45 28 111 29 100 72 21 78 47 10 20 35 91 53 107 117 104 90 92 22 31 74 56 30 81 119 59 4 112 41 108 66 26 34 106 37 5 58 18 63 9 11 103 40 68 15 82 71 67 60 109 73 75 6 32 69 42 105 0 88 101 23 62 12 54 85 86 33 97 8 118 113 3 76 19 95 114 36 27 44 14 84 116 51 52 89 79 1 110 
103 94 14 26 111 41 108 66 17 40 27 20 51 67 15 74 60 109 50 54 44 95 8 90 84 116 48 43 49 85 68 69 70 22 30 53 104 105 1 37 21 42 23 114 96 29 110 106 75 86 16 57 3 89 55 61 73 47 28 18 59 113 11 92 101 32 102 72 46 98 87 25 78 38 117 52 71 79 107 93 10 58 36 76 77 0 81 118 119 115 5 6 7 24 56 97 62 9 88 100 82 39 63 45 99 64 12 13 4 33 34 91 35 19 80 112 83 2 65 31 
104 66 8 118 119 27 44 84 116 26 28 18 67 14 100 35 83 113 68 51 69 70 89 55 50 92 101 32 73 15 71 40 72 0 9 30 105 41 37 20 63 109 81 85 86 39 38 46 91 82 75 79 1 54 114 107 93 117 103 58 4 45 99 57 80 11 112 111 78 74 36 23 33 21 42 43 94 34 98 64 2 3 19 12 29 76 77 108 115 95 24 53 6 22 62 16 97 13 52 90 48 25 59 47 88 60 5 7 110 102 17 56 65 31 96 106 49 87 61 10 
105 84 89 108 115 28 69 50 92 118 103 58 14 8 90 65 49 45 71 67 40 72 54 114 68 57 80 11 93 100 94 26 111 76 13 9 41 27 20 18 59 113 77 15 82 25 21 78 56 48 91 34 37 51 85 98 64 42 104 3 110 47 88 79 96 99 106 119 33 35 19 81 102 63 109 32 66 17 74 60 87 1 31 5 39 12 29 44 95 70 22 30 53 0 97 75 16 7 43 55 101 23 4 117 52 83 24 6 38 112 116 62 61 10 86 46 73 36 107 2 
106 11 82 39 73 33 34 35 19 92 70 98 93 91 53 23 111 63 52 80 81 60 83 84 85 86 6 0 36 71 107 117 104 115 25 55 119 59 102 42 87 58 61 62 9 74 109 41 114 79 76 2 65 97 13 29 95 110 38 46 28 69 50 108 116 78 18 22 1 3 4 7 88 105 118 94 90 101 66 8 49 45 64 56 30 99 26 113 27 12 43 96 77 16 24 67 100 48 112 75 54 44 47 37 5 10 72 15 31 103 40 89 68 57 14 32 51 17 20 21 
107 119 39 90 101 35 83 113 27 93 91 53 59 11 40 79 112 111 70 81 85 86 38 46 82 75 68 51 69 102 117 33 42 87 58 0 97 34 12 19 54 94 88 60 66 32 29 49 74 109 41 104 13 52 108 116 78 95 92 22 99 48 25 98 47 63 26 71 44 105 1 89 114 43 96 77 80 62 16 55 24 2 76 9 67 3 4 106 45 84 20 36 37 6 103 17 61 10 110 73 72 21 23 50 8 118 31 5 14 64 65 57 56 30 115 100 15 7 28 18 
108 14 50 8 90 40 41 27 20 103 68 57 26 28 18 59 113 11 54 94 51 85 44 95 69 70 22 30 53 111 104 71 79 96 99 64 66 67 15 72 0 9 97 34 12 91 82 75 33 35 19 3 17 105 1 38 117 52 89 55 61 73 47 114 107 93 10 58 36 76 77 87 81 74 60 109 118 119 86 88 46 115 102 65 31 4 112 84 116 37 21 42 43 98 2 29 106 45 83 92 63 78 80 6 7 13 48 49 5 62 100 23 101 56 110 39 32 16 24 25 
109 75 114 86 16 47 63 78 117 110 88 118 116 95 107 45 21 46 62 100 101 56 79 76 23 64 97 90 80 24 112 61 10 67 84 14 32 73 68 103 119 39 15 48 91 55 57 0 99 25 93 113 69 111 35 42 4 102 60 66 37 87 1 9 77 115 38 106 59 11 40 34 65 58 31 18 29 49 30 12 105 41 28 50 92 27 20 74 36 33 104 26 71 94 83 53 43 44 72 96 2 3 17 81 85 82 89 54 70 5 6 13 7 8 19 98 22 51 52 108 
110 100 75 116 24 63 109 32 69 47 78 117 101 73 68 58 31 18 114 62 79 76 86 16 74 36 89 71 54 56 88 23 64 97 90 80 112 111 35 33 104 26 13 9 67 53 19 43 0 30 51 118 113 60 66 37 87 1 95 107 45 21 46 96 7 22 28 103 105 94 34 108 3 42 4 102 61 10 77 115 38 106 59 11 40 119 65 29 49 41 70 81 85 52 8 15 5 39 12 6 57 98 2 44 84 14 91 82 27 99 48 55 25 93 17 20 72 83 50 92 
111 74 60 109 41 95 23 114 96 29 110 106 75 86 16 50 54 44 61 73 47 103 62 9 88 118 17 46 115 6 100 116 24 11 82 39 63 78 117 107 45 21 40 68 57 108 104 3 8 89 55 48 33 101 56 94 14 26 112 113 19 1 12 10 67 84 43 49 99 25 93 65 28 2 18 22 32 69 58 31 34 35 92 70 98 91 53 79 76 64 97 90 80 119 15 0 51 85 71 66 7 13 27 4 102 72 52 81 42 20 36 5 37 38 30 105 87 59 77 83 
112 32 86 29 49 78 79 74 36 116 95 107 73 75 6 25 72 21 88 101 23 64 60 66 114 96 7 22 87 68 61 47 103 119 39 90 111 63 33 117 2 18 65 56 30 98 42 105 55 57 0 10 35 62 9 77 115 4 110 106 27 44 84 118 17 46 20 24 3 58 59 13 99 104 26 71 100 48 94 14 83 113 93 91 53 11 40 109 41 76 52 80 81 97 5 51 15 82 102 16 89 108 45 1 12 31 70 85 19 28 69 8 50 92 67 43 54 34 37 38 
113 91 85 82 75 117 59 33 42 38 52 108 92 70 98 47 63 78 97 90 80 62 34 12 81 60 16 55 96 22 106 107 2 14 50 8 11 93 71 104 115 25 100 101 56 114 79 76 88 23 64 45 40 119 65 109 110 112 83 84 20 36 37 13 29 95 21 46 4 99 26 17 61 3 10 58 39 73 9 5 41 27 103 68 57 28 18 35 19 102 105 118 94 66 49 30 32 69 111 86 87 1 116 77 15 48 54 51 72 24 53 7 6 89 31 74 0 67 43 44 
114 110 47 88 118 100 75 116 24 62 101 56 112 61 10 67 84 14 63 109 32 69 78 117 73 68 58 31 18 113 79 111 35 42 4 102 86 29 49 48 30 12 105 41 37 28 50 92 40 27 20 76 16 74 36 89 71 54 23 64 97 90 80 33 104 26 13 9 53 19 43 0 51 91 85 82 60 66 70 81 55 96 15 17 5 77 83 95 107 6 25 72 21 57 3 38 108 115 44 103 11 93 94 22 87 1 45 46 7 34 106 59 119 65 52 8 39 98 2 99 
115 65 49 45 28 72 77 15 82 25 21 78 56 48 91 71 67 40 98 64 42 105 16 7 43 44 92 33 70 30 55 57 0 88 101 23 4 102 109 74 117 59 118 94 34 69 41 37 54 51 85 80 112 96 97 84 89 108 46 47 10 20 24 87 8 68 11 93 52 81 60 107 104 36 3 76 99 26 1 2 116 61 79 111 35 62 9 17 5 83 75 114 86 95 90 12 14 100 66 50 53 6 103 38 106 119 32 29 113 58 31 22 18 63 13 27 19 110 39 73 
116 101 32 73 68 79 112 111 35 78 74 36 23 63 33 104 26 71 86 88 60 66 29 49 109 41 70 81 85 64 95 114 96 7 22 87 61 62 9 76 52 80 8 118 119 51 67 15 105 94 34 107 10 110 106 27 44 84 75 6 25 72 21 16 50 54 93 117 83 97 13 38 108 77 115 4 47 103 17 46 20 24 3 58 59 2 99 100 48 113 19 1 12 37 92 65 28 18 14 69 42 43 89 82 39 90 30 31 11 55 56 98 57 0 45 40 102 5 91 53 
117 97 90 80 62 113 38 106 45 59 11 40 34 119 65 109 110 112 91 85 82 75 92 22 39 73 56 15 48 12 33 35 19 54 94 51 52 83 84 27 72 77 114 86 16 100 116 24 32 29 49 42 108 70 98 47 63 78 93 71 3 10 58 53 23 111 4 102 21 43 44 57 74 20 36 37 81 60 6 0 103 104 41 66 17 105 1 107 2 46 28 69 50 68 64 7 88 118 95 101 31 18 79 25 55 96 14 8 115 76 13 30 9 67 87 61 5 89 99 26 
118 67 84 14 100 69 105 41 37 28 50 92 40 27 20 63 109 32 89 71 54 114 108 115 44 95 24 53 6 72 103 68 57 80 11 93 94 51 85 70 22 30 62 79 76 75 86 16 78 74 36 58 34 104 3 110 47 88 8 90 65 49 45 55 61 73 31 18 87 0 81 2 23 98 64 42 26 111 96 99 106 119 33 35 19 59 102 66 17 1 38 117 52 107 10 77 112 113 60 116 21 46 101 7 13 9 82 83 12 56 15 25 48 91 4 29 43 97 5 39 
119 35 83 113 27 70 81 85 86 39 38 46 91 82 75 68 51 69 107 93 117 104 97 13 52 108 116 78 95 53 90 92 22 99 48 25 59 33 42 98 47 63 26 71 79 44 105 1 89 54 114 101 102 80 62 66 8 118 106 45 31 37 5 2 14 50 32 73 88 23 64 61 103 87 58 0 11 40 3 10 17 65 57 72 74 56 30 34 12 60 16 55 96 115 100 76 67 15 94 84 6 7 28 110 112 111 43 77 109 18 19 24 20 21 9 41 36 4 29 49 
