48
-2 -0.0 -0.0 -1.0 -1.4142135623730951 2.0 -0.0 1.0 1.4142135623730951 -0.0 1.0 -0.0 1.0 1.0 -0.0 -0.0 -0.0 -0.0 -0.0 1.0 1.4142135623730951 -1.0 1.0 1.4142135623730951 -0.0 1.4142135623730951 -0.0 -1.0 1.0 -0.0 1.4142135623730951 -1.0 1.0 1.4142135623730951 -0.0 -0.0 -1.4142135623730951 -1.0 -0.0 -0.0 -1.0 -1.4142135623730951 -1.4142135623730951 -0.0 -1.0 -1.4142135623730951 -1.0 -1.4142135623730951
0 -0.0 -0.0 -0.0 -0.0 -0.0 -0.0 -0.0 -0.0 -0.0 -0.0 -0.0 -0.0 -0.0 -0.0 -0.0 -0.0 -0.0 -0.0 -0.0 -0.0 -0.0 -0.0 -0.0 -0.0 -0.0 -0.0 -0.0 -0.0 -0.0 -0.0 -0.0 -0.0 -0.0 -0.0 -0.0 -0.0 -0.0 -0.0 -0.0 -0.0 -0.0 -0.0 -0.0 -0.0 -0.0 -0.0 -0.0
0 1 2 3 4 5 6 7 8 9 10 11 12 13 14 15 16 17 18 19 20 21 22 23 24 25 26 27 28 29 30 31 32 33 34 35 36 37 38 39 40 41 42 43 44 45 46 47 
1 5 6 7 8 17 18 19 20 2 21 15 10 22 23 24 25 0 9 27 36 31 37 38 26 39 11 3 40 41 35 12 28 29 33 42 4 44 45 47 46 34 43 30 13 14 32 16 
2 9 5 10 11 18 1 12 26 17 19 20 27 28 29 8 30 6 0 31 24 7 32 33 4 43 36 21 37 38 39 3 44 45 14 25 15 46 34 42 22 23 16 47 40 41 13 35 
3 12 7 13 14 19 31 32 33 10 22 23 28 5 30 34 8 21 27 37 38 46 6 25 45 24 29 40 17 35 20 44 18 39 43 15 41 0 42 36 2 16 4 26 9 47 1 11 
4 8 15 16 1 20 24 25 5 11 35 2 30 23 13 6 7 36 26 39 17 42 38 22 18 19 9 47 29 40 10 43 33 28 32 21 0 45 37 27 41 46 31 12 14 44 34 3 
5 17 18 19 20 0 9 27 36 6 31 24 21 37 38 26 39 1 2 3 4 12 44 45 11 47 15 7 46 34 42 10 40 41 29 43 8 13 14 16 32 33 30 35 22 23 28 25 
6 2 17 21 15 9 5 10 11 0 27 36 3 40 41 20 35 18 1 12 26 19 28 29 8 30 4 31 44 45 47 7 13 14 23 39 24 32 33 43 37 38 25 16 46 34 22 42 
7 10 19 22 23 27 12 28 29 21 37 38 40 17 35 33 20 31 3 44 45 32 18 39 14 26 41 46 0 42 36 13 9 47 30 24 34 1 43 4 6 25 8 11 2 16 5 15 
8 20 24 25 5 36 26 39 17 15 42 6 35 38 22 18 19 4 11 47 0 43 45 37 9 27 2 16 41 46 21 30 29 40 28 31 1 14 44 3 34 32 12 10 23 13 33 7 
9 18 1 12 26 6 0 31 24 5 7 8 19 32 33 4 43 2 17 21 15 3 46 34 36 42 20 10 22 23 25 27 37 38 45 16 11 40 41 35 13 14 47 39 28 29 44 30 
10 27 12 28 29 31 3 44 45 19 32 33 37 18 39 14 26 7 21 46 34 13 1 43 41 4 38 22 6 25 24 40 0 42 47 8 23 2 16 15 5 30 11 36 17 35 9 20 
11 26 8 30 9 24 4 43 18 20 25 5 39 33 28 1 12 15 36 42 6 16 34 32 0 31 17 35 38 22 19 47 45 37 44 7 2 41 46 21 23 13 3 27 29 40 14 10 
12 19 31 32 33 21 27 37 38 7 46 34 22 6 25 45 24 3 10 40 41 44 0 42 29 36 23 13 2 16 15 28 17 35 39 4 14 9 47 11 1 43 26 20 5 30 18 8 
13 28 32 5 30 37 44 18 39 22 6 25 17 19 20 43 33 46 40 0 42 1 31 24 47 45 35 2 21 15 38 9 27 36 26 34 16 3 4 41 7 8 14 29 10 11 12 23 
14 33 34 8 12 38 45 24 19 23 15 7 20 25 5 31 32 41 29 36 21 4 42 6 27 37 10 11 35 2 22 26 39 17 18 46 3 47 0 40 16 1 44 28 30 9 43 13 
15 11 20 35 2 26 8 30 9 36 39 17 47 29 40 5 10 24 4 43 18 25 33 28 1 12 0 42 45 37 27 16 14 44 13 19 6 34 32 31 38 22 7 3 41 46 23 21 
16 30 25 23 13 39 43 33 28 35 38 22 29 20 10 32 5 42 47 45 37 34 24 19 44 18 40 41 36 21 17 14 26 27 12 6 46 4 31 0 15 7 1 9 11 3 8 2 
17 0 9 27 36 1 2 3 4 18 12 26 31 44 45 11 47 5 6 7 8 10 13 14 15 16 24 19 32 33 43 21 46 34 41 30 20 22 23 25 28 29 35 42 37 38 40 39 
18 6 0 31 24 2 17 21 15 1 3 4 7 46 34 36 42 9 5 10 11 27 40 41 20 35 8 12 13 14 16 19 22 23 38 47 26 28 29 30 44 45 39 25 32 33 37 43 
19 21 27 37 38 3 10 40 41 31 44 45 46 0 42 29 36 12 7 13 14 28 9 47 23 11 34 32 1 43 4 22 2 16 35 26 33 5 30 8 18 39 20 15 6 25 17 24 
20 36 26 39 17 4 11 47 0 24 43 18 42 45 37 9 27 8 15 16 1 30 14 44 2 3 6 25 34 32 31 35 41 46 40 12 5 23 13 7 33 28 10 21 38 22 29 19 
21 3 10 40 41 12 7 13 14 27 28 29 44 9 47 23 11 19 31 32 33 22 5 30 34 8 45 37 18 39 26 46 1 43 16 20 38 6 25 24 17 35 15 4 0 42 2 36 
22 40 28 17 35 44 13 9 47 37 18 39 0 27 36 30 29 32 46 1 43 5 12 26 16 14 42 6 31 24 45 2 3 4 11 33 25 7 8 34 19 20 23 41 21 15 10 38 
23 29 33 20 10 45 14 26 27 38 24 19 36 39 17 12 28 34 41 4 31 8 43 18 3 44 21 15 42 6 37 11 47 0 9 32 7 16 1 46 25 5 13 40 35 2 30 22 
24 15 36 42 6 11 20 35 2 4 47 0 16 41 46 17 21 26 8 30 9 39 29 40 5 10 1 43 14 44 3 25 23 13 22 27 18 33 28 12 45 37 19 7 34 32 38 31 
25 35 39 38 22 47 30 29 40 42 45 37 41 36 21 28 17 43 16 14 44 33 26 27 13 9 46 34 4 31 0 23 11 3 10 18 32 8 12 1 24 19 5 2 15 7 20 6 
26 24 4 43 18 15 36 42 6 8 16 1 25 34 32 0 31 11 20 35 2 47 41 46 17 21 5 30 23 13 7 39 38 22 37 3 9 29 40 10 14 44 27 19 33 28 45 12 
27 31 3 44 45 7 21 46 34 12 13 14 32 1 43 41 4 10 19 22 23 40 2 16 38 15 33 28 5 30 8 37 6 25 42 11 29 17 35 20 9 47 36 24 18 39 0 26 
28 37 44 18 39 46 40 0 42 32 1 43 6 31 24 47 45 13 22 2 16 9 3 4 35 41 25 5 7 8 34 17 21 15 36 14 30 10 11 23 12 26 29 38 19 20 27 33 
29 45 14 26 27 34 41 4 31 33 8 12 24 43 18 3 44 23 38 15 7 11 16 1 21 46 19 20 25 5 32 36 42 6 0 13 10 35 2 22 30 9 40 37 39 17 47 28 
30 39 43 33 28 42 47 45 37 25 34 32 38 24 19 44 18 16 35 41 46 14 4 31 40 0 22 23 15 7 6 29 36 21 27 1 13 11 3 2 8 12 9 17 20 10 26 5 
31 7 21 46 34 10 19 22 23 3 40 41 13 2 16 38 15 27 12 28 29 37 17 35 33 20 14 44 9 47 11 32 5 30 25 36 45 18 39 26 0 42 24 8 1 43 6 4 
32 22 37 6 25 40 28 17 35 46 0 42 2 21 15 39 38 44 13 9 47 18 27 36 30 29 16 1 3 4 41 5 10 11 20 45 43 12 26 14 31 24 33 23 7 8 19 34 
33 38 45 24 19 41 29 36 21 34 4 31 15 42 6 27 37 14 23 11 3 26 47 0 10 40 7 8 16 1 46 20 35 2 17 44 12 30 9 13 43 18 28 22 25 5 39 32 
34 23 38 15 7 29 33 20 10 41 36 21 11 35 2 19 22 45 14 26 27 24 39 17 12 28 3 4 47 0 40 8 30 9 5 37 31 43 18 44 42 6 32 13 16 1 25 46 
35 47 30 29 40 43 16 14 44 39 33 28 45 26 27 13 9 25 42 34 32 23 8 12 46 1 37 38 24 19 18 41 4 31 3 5 22 15 7 6 20 10 2 0 36 21 11 17 
36 4 11 47 0 8 15 16 1 26 30 9 43 14 44 2 3 20 24 25 5 35 23 13 6 7 18 39 33 28 12 42 34 32 46 10 17 38 22 19 29 40 21 31 45 37 41 27 
37 46 40 0 42 13 22 2 16 44 9 47 1 3 4 35 41 28 32 5 30 17 10 11 25 23 43 18 12 26 14 6 7 8 15 29 39 19 20 33 27 36 38 34 31 24 21 45 
38 41 29 36 21 14 23 11 3 45 26 27 4 47 0 10 40 33 34 8 12 20 30 9 7 13 31 24 43 18 44 15 16 1 2 28 19 25 5 32 39 17 22 46 42 6 35 37 
39 42 47 45 37 16 35 41 46 43 14 44 34 4 31 40 0 30 25 23 13 29 11 3 22 2 32 33 8 12 1 38 15 7 21 9 28 20 10 5 26 27 17 6 24 19 36 18 
40 44 13 9 47 32 46 1 43 28 5 30 18 12 26 16 14 22 37 6 25 2 7 8 42 34 39 17 19 20 33 0 31 24 4 23 35 21 15 38 10 11 41 45 27 36 3 29 
41 14 23 11 3 33 34 8 12 29 20 10 26 30 9 7 13 38 45 24 19 15 25 5 31 32 27 36 39 17 28 4 43 18 1 22 21 42 6 37 35 2 46 44 47 0 16 40 
42 16 35 41 46 30 25 23 13 47 29 40 14 11 3 22 2 39 43 33 28 38 20 10 32 5 44 45 26 27 9 34 8 12 7 17 37 24 19 18 36 21 6 1 4 31 15 0 
43 25 42 34 32 35 39 38 22 16 41 46 23 15 7 37 6 47 30 29 40 45 36 21 28 17 13 14 11 3 2 33 20 10 19 0 44 26 27 9 4 31 18 5 8 12 24 1 
44 32 46 1 43 22 37 6 25 13 2 16 5 7 8 42 34 40 28 17 35 0 21 15 39 38 30 9 10 11 23 18 19 20 24 41 47 27 36 29 3 4 45 33 12 26 31 14 
45 34 41 4 31 23 38 15 7 14 11 3 8 16 1 21 46 29 33 20 10 36 35 2 19 22 12 26 30 9 13 24 25 5 6 40 27 39 17 28 47 0 37 32 43 18 42 44 
46 13 22 2 16 28 32 5 30 40 17 35 9 10 11 25 23 37 44 18 39 6 19 20 43 33 47 0 27 36 29 1 12 26 8 38 42 31 24 45 21 15 34 14 3 4 7 41 
47 43 16 14 44 25 42 34 32 30 23 13 33 8 12 46 1 35 39 38 22 41 15 7 37 6 28 29 20 10 5 45 24 19 31 2 40 36 21 17 11 3 0 18 26 27 4 9 
