24
-2 -0.0 -0.0 -1.0 2.0 -0.0 1.0 -0.0 1.0 1.0 1.0 -0.0 -0.0 1.0 -1.0 1.0 -1.0 1.0 -1.0 1.0 -1.0 -1.0 -1.0 -1.0
0 -0.0 -0.0 -0.0 -0.0 -0.0 -0.0 -0.0 -0.0 -0.0 -0.0 -0.0 -0.0 -0.0 -0.0 -0.0 -0.0 -0.0 -0.0 -0.0 -0.0 -0.0 -0.0 -0.0
0 1 2 3 4 5 6 7 8 9 10 11 12 13 14 15 16 17 18 19 20 21 22 23 
1 4 5 6 11 12 13 2 14 8 15 0 7 16 18 20 3 21 9 17 22 23 10 19 
2 7 4 8 12 1 9 11 13 16 17 5 0 18 6 19 14 20 3 22 23 15 21 10 
3 9 6 10 13 18 19 8 15 17 4 14 16 20 23 5 21 11 22 12 0 2 7 1 
4 11 12 13 0 7 16 5 18 14 20 1 2 3 9 22 6 23 8 21 10 19 15 17 
5 2 11 14 7 4 8 0 16 3 21 12 1 9 13 17 18 22 6 10 19 20 23 15 
6 8 13 15 16 9 17 14 20 21 11 18 3 22 19 12 23 0 10 7 1 5 2 4 
7 12 1 9 5 0 18 4 6 13 19 2 11 14 3 23 8 15 16 20 21 10 17 22 
8 16 9 17 18 3 22 13 19 20 12 6 14 23 10 1 15 5 21 0 2 4 11 7 
9 13 18 19 14 16 20 6 23 15 5 3 8 21 22 0 10 2 17 11 7 1 4 12 
10 17 19 4 20 22 12 15 5 11 13 23 21 0 1 18 2 14 7 16 3 6 8 9 
11 0 7 16 1 2 3 12 9 18 22 4 5 6 8 10 13 19 14 23 15 17 20 21 
12 5 0 18 2 11 14 1 3 6 23 7 4 8 16 21 9 10 13 15 17 22 19 20 
13 14 16 20 3 8 21 18 22 23 0 9 6 10 17 7 19 1 15 2 4 12 5 11 
14 3 8 21 9 6 10 16 17 22 7 13 18 19 15 4 20 12 23 1 5 11 0 2 
15 21 17 11 22 10 7 20 12 0 16 19 23 1 4 9 5 18 2 3 6 13 14 8 
16 18 3 22 6 14 23 9 10 19 1 8 13 15 21 2 17 4 20 5 11 7 12 0 
17 20 22 12 23 21 0 19 1 5 18 10 15 2 7 3 4 6 11 14 8 9 13 16 
18 6 14 23 8 13 15 3 21 10 2 16 9 17 20 11 22 7 19 4 12 0 1 5 
19 15 20 5 21 17 11 23 0 2 14 22 10 7 12 16 1 3 4 8 9 18 6 13 
20 23 21 0 10 15 2 22 7 1 3 17 19 4 11 8 12 9 5 6 13 16 18 14 
21 22 10 7 19 23 1 17 4 12 9 15 20 5 2 6 11 13 0 18 14 8 16 3 
22 19 23 1 15 20 5 10 2 4 6 21 17 11 0 14 7 8 12 13 16 3 9 18 
23 10 15 2 17 19 4 21 11 7 8 20 22 12 5 13 0 16 1 9 18 14 3 6 
