10
-1.0 -0.8090169943749475 -0.30901699437494745 0.30901699437494734 0.8090169943749473 1.0 0.8090169943749476 0.30901699437494756 -0.30901699437494723 -0.8090169943749473
-0.0 -0.5877852522924731 -0.9510565162951535 -0.9510565162951536 -0.5877852522924732 -1.2246467991473532e-16 0.587785252292473 0.9510565162951535 0.9510565162951536 0.5877852522924734
0 1 2 3 4 5 6 7 8 9
1 2 3 4 5 6 7 8 9 0
2 3 4 5 6 7 8 9 0 1
3 4 5 6 7 8 9 0 1 2
4 5 6 7 8 9 0 1 2 3
5 6 7 8 9 0 1 2 3 4
6 7 8 9 0 1 2 3 4 5
7 8 9 0 1 2 3 4 5 6
8 9 0 1 2 3 4 5 6 7
9 0 1 2 3 4 5 6 7 8
